200
20 24 232 855 693 524 834 550 325 561 704 111 250 746 478 518 69 440 723 632 905
32 753 112 527 62 643 189 975 768 348 716 340 140 647 223 571 52 199 966 243 145 516 38 419 875 486 202 3 6 418 758 378 777
69 154 460 548 830 599 904 951 401 626 68 711 40 908 788 143 495 757 775 253 547 263 939 384 963 974 320 251 938 508 910 58 77 797 477 552 259 914 751 275 942 147 674 19 878 356 387 567 687 332 650 573 412 209 415 538 102 113 150 341 670 930 848 676 770 370 684 428 337 768
181 564 937 897 619 737 653 157 666 308 838 765 427 694 511 460 285 312 742 30 180 669 642 338 911 731 782 149 744 394 927 677 538 228 244 204 266 328 125 362 536 506 461 470 344 725 532 795 128 797 163 863 921 472 108 667 318 197 166 754 996 174 799 856 180 141 40 780 221 916 997 926 367 996 980 66 362 186 24 885 6 337 947 959 196 265 950 115 51 675 646 988 995 508 98 872 529 503 196 479 448 445 382 650 939 378 928 166 349 415 701 823 623 290 229 336 296 396 591 434 675 199 402 754 708 447 113 494 46 596 840 177 77 871 547 269 231 290 417 304 654 285 97 492 667 215 888 302 957 340 561 734 571 875 777 605 646 831 38 873 25 636 505 83 113 210 621 358 111 614 486 176 245 499 402 328 92 908 835 132 216 522
111 92 71 167 80 682 516 741 662 848 731 160 808 706 47 700 398 394 967 244 33 637 630 373 294 133 936 120 629 482 655 242 921 948 24 101 317 517 956 666 148 355 391 659 256 990 618 417 287 730 240 19 859 109 960 279 996 813 364 979 950 286 198 182 474 628 497 955 247 156 87 417 339 916 32 402 160 804 722 322 314 843 18 250 234 617 613 712 472 402 865 529 978 558 817 506 34 331 570 152 164 404 119 731 550 877 959 756 994 71 823 77
19 660 404 684 430 760 903 247 253 953 957 941 1000 759 728 835 750 252 621 170
177 878 311 191 743 992 551 194 835 47 880 788 181 510 494 512 390 508 999 619 397 412 368 43 730 159 765 556 890 856 309 992 158 664 307 461 310 6 977 825 711 649 105 974 988 774 952 845 620 808 293 735 537 975 2 658 73 462 137 126 510 471 502 942 587 76 801 77 631 334 827 721 703 97 318 21 334 719 359 346 419 892 703 545 84 356 719 780 660 813 535 989 11 28 411 384 742 829 26 275 293 39 517 576 732 650 865 941 673 161 128 341 620 84 422 264 569 932 747 352 806 508 940 174 800 807 658 850 14 842 840 554 64 645 399 990 374 385 983 29 681 358 432 10 206 190 232 981 97 153 737 131 117 910 68 965 488 862 907 46 499 16 601 262 782 668 385 430 870 841 832 878 42 311 294 639 576 867
201 945 962 661 652 366 800 551 405 271 557 626 842 170 593 83 643 392 311 157 404 229 314 619 702 162 390 958 683 727 691 465 199 498 988 275 104 232 68 714 563 173 175 568 839 684 553 912 2 932 759 40 628 791 932 481 678 193 282 604 301 81 384 315 322 346 828 270 705 284 567 200 512 384 441 541 803 706 322 753 211 182 76 320 954 684 809 823 124 379 367 975 741 51 433 875 907 787 641 731 878 129 486 808 784 95 616 861 200 738 839 747 870 567 994 271 384 816 699 711 798 247 397 898 569 940 329 531 986 932 921 278 164 100 894 357 768 103 603 652 66 350 905 556 950 395 477 19 23 256 138 173 140 117 268 150 561 499 434 988 756 297 878 372 378 911 258 199 766 911 157 377 1 708 95 116 105 186 854 95 319 934 418 979 405 561 380 901 67 630 670 237 372 785 1000 790 81 971 921 227 147 558
88 723 388 433 268 632 812 735 602 95 671 259 687 799 837 820 3 661 464 6 904 20 547 340 156 578 131 691 15 382 391 887 632 288 501 654 23 735 990 906 477 803 825 706 857 607 394 153 496 558 393 385 393 689 590 366 639 606 677 132 341 693 246 669 877 207 296 75 459 704 495 142 578 612 81 402 564 591 426 815 119 364 928 221 266 58 703 851 24
139 700 597 451 481 863 589 855 551 17 955 957 479 215 931 803 641 749 753 369 206 648 859 297 856 14 375 362 631 416 466 712 6 180 560 644 796 273 371 328 619 279 360 897 445 563 312 891 558 987 534 996 421 138 825 108 996 944 497 433 425 382 252 372 451 479 401 710 819 754 440 762 430 328 67 571 285 216 54 767 814 861 659 663 594 101 299 689 328 597 998 921 502 97 711 1 911 334 917 366 50 664 613 237 181 508 948 163 286 919 193 122 645 892 464 223 263 52 173 918 858 112 622 279 492 265 545 836 828 324 616 651 304 780 205 263 660 166 556 22
79 282 156 944 517 361 572 60 156 964 737 581 109 157 435 332 929 264 192 39 898 45 919 719 421 600 778 682 776 929 95 158 599 998 120 966 513 163 957 449 744 377 899 89 809 584 1001 554 726 4 583 394 49 469 355 737 885 785 157 546 715 669 328 581 627 476 397 981 98 741 68 194 649 749 316 838 296 287 643 830
101 307 658 197 189 890 190 444 412 686 514 500 845 422 618 244 826 74 329 483 490 520 281 691 151 414 325 857 464 861 667 278 143 917 989 658 85 114 755 995 418 957 252 739 807 656 363 509 229 206 868 168 304 240 884 912 94 406 359 143 821 380 621 555 967 221 598 224 541 61 520 816 682 385 113 215 840 184 843 512 6 556 921 221 665 724 985 103 422 337 174 31 109 374 216 601 708 421 534 700 177 149
90 200 1 978 28 134 308 390 19 831 46 170 26 713 128 159 206 867 431 144 175 530 903 949 358 443 379 250 911 580 13 28 242 256 598 998 506 244 502 428 270 714 911 708 924 136 441 337 326 308 470 502 798 454 343 675 183 725 697 425 254 688 211 945 352 272 764 560 690 63 82 823 722 837 306 851 367 195 79 392 362 370 863 561 543 926 470 672 531 112 895
139 26 621 343 877 431 621 741 572 660 421 484 995 120 795 905 908 411 109 224 245 40 384 454 597 614 522 13 681 558 782 649 580 649 128 575 735 742 952 361 44 230 843 228 818 596 9 949 89 440 332 315 619 382 321 975 30 773 291 711 896 464 677 904 200 982 632 470 332 191 503 739 265 780 150 264 536 529 916 128 670 364 18 433 39 971 762 789 14 398 815 694 234 584 1000 613 302 271 65 612 836 65 505 531 340 261 776 287 270 841 929 754 708 586 723 236 3 772 248 407 516 622 383 615 61 125 246 862 106 101 992 231 59 457 676 624 221 27 277 485
62 523 943 36 76 386 43 422 504 823 326 530 3 766 637 626 119 339 853 758 124 469 392 623 83 321 771 260 729 396 946 263 528 609 316 606 276 61 319 970 241 793 471 393 491 428 796 476 999 649 107 865 884 36 228 218 743 253 826 919 831 352 868
150 547 550 186 290 171 78 698 865 653 656 575 880 954 4 57 874 848 630 522 536 207 254 181 720 637 151 587 781 635 523 484 443 213 762 726 12 862 560 676 819 388 416 281 755 603 373 366 553 809 679 319 846 241 810 305 593 122 228 870 836 465 703 133 765 446 489 947 104 757 788 866 768 244 556 450 830 263 801 832 633 869 101 603 275 722 489 488 222 494 266 751 602 507 915 225 477 625 45 190 302 977 818 884 580 115 857 52 148 963 506 758 627 733 882 201 192 858 215 269 265 193 712 195 953 433 150 543 547 454 403 692 338 866 643 37 396 544 294 987 823 882 300 676 628 243 643 274 732 292 920
34 913 246 439 80 247 508 593 882 612 868 967 217 142 357 241 628 821 956 786 235 895 14 557 664 915 129 803 363 150 921 47 590 585 406
128 962 453 7 985 811 244 289 566 407 361 512 493 202 973 10 400 723 222 553 13 187 595 331 450 909 388 255 750 898 722 477 380 462 914 999 812 212 679 873 768 812 736 746 761 995 376 30 64 948 866 356 198 889 796 653 547 590 155 395 142 840 559 77 709 926 492 769 162 91 139 868 782 344 179 884 712 894 389 883 604 731 546 48 290 146 275 875 550 98 878 334 637 339 590 82 476 514 171 878 440 893 26 985 334 983 250 1001 935 364 86 87 806 397 997 503 918 849 525 995 120 546 135 779 377 632 795 384 339
101 122 70 612 984 312 920 199 882 841 537 953 548 29 789 659 153 893 448 339 733 58 921 549 899 780 521 445 886 838 48 789 83 433 810 345 941 329 561 860 147 292 753 75 101 578 418 474 413 899 842 716 113 420 104 591 21 678 418 707 670 164 989 1000 809 1000 262 642 393 998 812 736 436 527 625 334 638 80 478 284 91 370 837 641 638 274 351 710 257 268 296 277 782 75 796 662 206 669 995 713 898 323
124 488 497 750 584 655 160 870 531 367 457 45 139 665 82 233 449 110 760 914 488 645 964 208 684 771 688 816 12 720 995 643 524 652 940 359 327 748 918 15 494 763 290 334 988 157 23 81 859 336 48 30 143 458 467 540 153 271 602 907 880 928 916 205 806 868 405 321 943 187 377 357 820 644 347 721 877 549 423 298 495 453 116 452 109 820 253 502 68 647 31 751 878 372 187 545 137 453 65 47 571 216 237 940 372 549 586 764 946 410 108 868 841 718 551 169 187 12 615 852 25 499 1001 867 252
144 152 497 497 53 914 776 386 489 320 775 963 835 18 318 693 342 8 862 498 97 52 994 606 229 102 168 4 517 969 924 521 788 383 140 319 167 589 744 498 193 813 843 340 53 238 22 17 678 874 895 108 439 39 683 241 917 290 593 343 245 168 409 64 522 933 718 477 815 238 851 99 927 69 541 832 744 765 103 768 299 155 971 852 566 579 538 717 989 70 797 242 560 150 314 51 305 132 642 462 847 815 987 687 96 466 310 302 245 12 123 823 478 120 586 459 256 432 326 779 756 952 655 591 804 934 691 400 284 976 168 643 86 614 28 414 155 888 267 112 176 448 395 729 875
84 561 585 554 44 170 195 473 800 211 582 634 35 286 863 664 336 204 959 938 947 961 914 314 500 840 432 489 570 692 170 937 830 419 62 392 381 882 638 642 449 720 754 749 507 221 306 284 279 743 656 772 124 940 482 721 817 860 747 94 375 462 840 714 152 724 912 368 942 52 527 26 658 564 2 138 427 291 117 245 206 854 417 595 963
182 328 542 203 69 176 542 663 693 933 878 578 410 715 490 596 745 783 987 459 310 45 254 776 900 735 359 402 684 807 886 565 595 259 392 867 190 118 240 79 684 690 756 601 875 850 798 240 270 519 504 893 547 171 835 802 116 326 560 546 317 758 35 158 612 577 588 416 831 58 787 69 752 212 420 123 744 606 269 907 550 588 660 928 286 866 832 215 197 230 649 786 359 253 970 394 13 346 550 897 723 729 98 320 906 49 708 809 69 688 84 494 442 351 451 918 475 626 671 855 535 830 783 333 965 539 364 536 530 341 952 410 304 577 354 764 884 430 87 998 854 119 683 896 971 57 927 263 62 418 801 148 425 733 278 316 445 324 884 686 834 704 770 422 196 788 419 42 156 275 645 417 607 910 624 969 441 312 629 482 893 973 946
98 892 242 25 222 302 533 564 63 121 315 39 298 83 631 866 426 522 186 452 574 219 218 781 397 946 726 74 617 559 679 501 223 148 563 797 586 130 783 223 904 560 208 802 858 154 451 336 202 321 158 404 682 831 244 531 33 697 271 280 994 388 572 132 635 404 419 378 533 739 469 104 479 854 954 125 483 239 928 531 384 248 371 949 166 512 463 527 570 315 444 377 544 800 673 805 375 989 773
100 473 852 12 591 956 776 91 723 870 130 306 350 911 915 622 943 573 455 835 332 775 489 873 613 893 468 429 117 551 790 589 558 564 63 612 495 757 816 366 834 715 190 548 640 983 815 828 792 963 426 611 319 290 760 740 319 579 287 415 429 353 178 1 645 823 348 49 926 53 209 435 209 634 175 786 124 963 466 909 460 512 859 973 165 370 936 27 508 861 692 296 506 685 13 455 851 240 378 687 692
145 616 193 789 102 167 966 763 104 186 856 536 767 743 541 787 260 806 654 103 119 305 60 192 534 50 512 766 60 779 316 909 569 546 151 13 619 837 378 641 805 492 832 653 403 147 627 245 468 920 822 392 299 579 865 747 278 553 352 845 598 412 365 858 180 911 350 837 42 21 504 140 260 353 991 615 739 285 569 904 250 272 809 652 417 97 621 581 971 325 809 389 45 595 127 960 975 254 25 850 490 877 782 842 323 423 344 83 575 286 672 896 468 558 12 395 58 709 789 163 81 48 918 79 264 482 799 693 615 521 842 583 764 507 338 692 243 456 183 195 544 651 576 856 657 924
53 680 442 622 712 840 7 524 780 715 344 386 273 415 957 435 911 36 912 235 690 8 393 596 149 161 38 540 893 730 122 3 23 493 912 680 642 545 104 600 985 58 304 269 834 645 443 565 269 302 980 278 440 355
182 824 317 27 813 254 578 280 562 77 662 390 389 734 231 80 853 287 345 855 925 676 864 274 433 148 857 311 474 975 645 910 89 168 880 221 766 269 459 489 206 719 645 42 921 719 394 20 270 639 966 560 445 121 171 889 861 537 153 882 29 982 980 809 596 205 891 860 52 345 727 71 700 670 580 655 645 74 84 23 122 591 911 181 364 397 574 33 945 415 868 708 365 26 557 34 571 296 257 915 507 489 348 535 421 256 519 736 693 9 947 924 877 181 237 366 948 917 710 554 506 773 102 540 706 443 82 967 640 929 447 46 566 821 828 27 726 890 880 327 274 192 707 292 515 847 489 92 323 801 437 659 469 83 3 797 969 968 569 554 807 725 61 672 971 643 661 702 719 154 852 229 560 238 263 215 597 249 75 929 698 517 994
137 964 905 683 350 281 765 72 876 404 899 951 153 505 652 853 139 877 971 800 631 545 163 935 169 505 685 779 242 241 238 101 106 795 994 854 439 234 838 737 218 250 197 833 358 264 27 966 7 283 389 439 236 248 295 270 806 220 317 228 662 367 846 972 542 862 607 190 268 179 422 300 30 533 113 611 215 772 88 96 255 933 725 719 319 384 666 232 242 734 928 739 608 421 31 822 893 477 370 894 689 926 107 832 778 416 730 452 630 396 393 903 150 393 689 377 529 184 520 154 955 758 506 409 357 930 638 578 735 927 11 504 742 541 238 419 387 366
15 374 978 670 295 49 179 457 489 617 144 68 146 165 979 22
93 994 236 551 890 695 562 492 395 643 262 829 273 759 941 270 716 778 220 162 687 47 605 230 980 548 825 683 722 133 534 96 927 651 343 711 634 840 780 204 41 591 473 433 736 959 513 955 859 456 609 970 990 474 1000 456 953 385 567 401 652 360 143 206 86 773 745 722 810 192 859 871 708 670 958 113 378 740 427 542 626 7 724 23 774 368 954 269 904 225 547 156 461 716
127 840 22 482 129 162 393 140 947 848 117 458 978 281 68 503 686 504 696 430 42 18 688 517 752 784 260 333 434 123 343 76 747 148 251 811 356 781 473 869 684 583 712 149 429 707 879 847 408 935 851 258 975 60 518 135 639 606 633 396 149 82 128 755 409 230 360 844 99 912 511 937 490 579 663 59 388 605 279 468 852 970 1000 9 557 585 750 98 533 609 70 150 214 305 633 599 716 134 360 611 315 141 366 981 811 577 908 249 685 97 989 116 456 566 261 423 355 92 802 173 501 738 894 819 864 115 450 656
200 123 571 271 896 148 602 310 921 620 906 447 260 970 840 823 974 846 439 37 353 740 693 667 932 465 205 603 927 554 728 160 251 585 338 276 265 650 378 492 289 634 12 709 283 513 553 46 638 685 590 307 68 88 869 209 413 836 347 184 945 467 833 928 787 277 816 453 795 778 801 19 188 205 337 510 398 810 346 983 40 157 718 117 25 646 589 928 632 796 892 494 349 918 673 616 839 419 539 308 973 169 185 621 545 166 166 122 349 591 31 562 998 895 486 647 241 482 265 146 84 48 413 406 933 781 249 212 874 792 834 549 222 423 826 650 932 880 33 201 582 940 873 117 832 950 22 653 605 945 964 268 90 27 42 30 957 358 159 134 311 479 655 102 352 148 223 267 783 709 666 585 681 529 722 399 291 329 984 543 308 942 736 434 250 345 512 76 118 326 904 372 147 72 289 613 291 142 187 18 300
126 774 996 502 771 84 750 616 778 344 551 48 514 644 308 251 789 101 695 61 360 1001 778 239 147 455 53 993 633 558 208 893 800 948 326 770 239 943 249 998 98 516 191 744 944 901 67 812 614 248 417 486 194 827 551 641 557 98 596 175 924 563 38 769 831 279 689 331 77 662 69 45 360 888 250 531 120 859 439 686 711 246 823 891 575 685 96 731 156 543 728 462 477 196 791 115 535 384 717 569 242 228 204 669 87 962 988 797 465 894 269 786 135 282 179 1000 328 412 486 511 139 772 880 743 554 748 844
79 236 878 808 165 816 567 155 303 795 511 544 59 586 877 664 423 607 88 108 424 492 412 712 35 389 12 490 696 416 787 610 291 72 156 598 311 332 984 563 907 411 694 160 923 734 794 764 60 913 820 757 646 781 873 598 537 455 798 24 640 111 936 739 130 235 509 819 717 417 785 263 709 825 416 756 252 809 37 269
174 391 799 552 54 813 56 260 9 963 610 774 133 120 50 845 411 964 533 287 284 865 400 518 541 494 154 790 217 398 642 583 310 113 812 421 872 546 836 585 745 739 830 725 192 867 981 887 829 679 131 88 848 327 889 795 643 88 780 450 149 933 928 769 806 466 299 360 544 793 790 99 646 877 352 168 338 499 647 675 889 832 351 419 644 316 678 645 358 297 973 203 784 489 1001 748 477 31 229 975 650 744 545 872 952 702 15 261 58 702 208 570 777 398 523 774 112 429 489 796 516 547 506 508 709 737 67 71 1 130 210 275 817 439 815 173 783 10 297 123 623 610 717 241 269 627 338 423 556 648 925 829 665 685 313 348 738 831 262 918 454 687 812 760 128 60 504 946 13 516 392 647 551 667 774
29 181 51 940 638 21 811 444 140 21 403 649 871 121 254 532 233 183 329 4 743 338 969 105 913 729 938 89 522 484
181 735 625 855 813 299 646 881 156 272 728 632 496 849 438 392 331 815 148 260 322 517 984 86 260 214 593 675 166 411 662 242 962 683 521 499 43 726 38 112 230 613 518 855 440 18 831 151 531 720 821 903 977 147 7 381 963 919 255 800 693 712 893 612 311 168 360 216 691 659 971 356 997 506 281 983 134 580 382 579 198 553 408 108 256 752 610 940 775 639 71 300 94 144 222 854 138 124 661 932 970 854 264 120 336 319 552 33 705 127 586 668 326 554 472 427 411 22 181 793 985 236 270 626 113 396 877 956 717 790 627 656 720 818 153 300 270 228 359 144 914 561 878 426 15 847 79 899 185 300 810 622 857 884 43 604 284 557 740 668 265 310 875 326 644 680 446 643 29 891 725 358 441 693 526 687 593 630 621 140 787 366
10 465 109 499 893 968 567 302 935 552 850
154 732 205 479 68 582 280 860 70 565 351 586 505 278 743 777 553 508 491 700 12 306 967 377 514 745 467 497 775 375 54 573 655 582 658 87 367 553 927 179 479 793 742 283 419 87 100 834 988 151 641 760 391 535 225 486 701 817 277 202 15 715 615 69 593 253 431 516 751 934 156 887 207 467 480 822 61 896 649 73 308 243 764 711 937 874 34 473 527 121 661 150 507 623 986 409 179 237 783 687 361 485 758 340 11 715 133 529 432 507 761 453 338 130 806 57 988 303 653 575 350 570 407 431 747 609 554 122 24 459 891 477 578 221 804 738 571 923 677 119 774 80 378 889 727 576 44 736 89 341 370 650 580 211 477
107 743 155 184 467 274 621 529 899 211 551 262 299 839 818 66 529 515 967 516 337 919 837 674 656 38 89 181 276 382 354 630 376 128 924 172 208 359 290 79 156 467 98 632 530 332 66 573 749 993 764 584 319 281 908 905 899 76 882 476 31 106 753 878 316 43 258 984 68 30 519 629 557 429 844 588 480 600 687 372 936 796 535 844 620 836 120 866 367 294 977 682 893 146 182 397 168 1001 311 724 415 10 588 548 612 319 559 364
191 880 483 638 373 263 363 781 5 774 357 143 850 393 26 640 723 272 383 857 311 53 330 63 950 727 17 549 711 175 5 336 389 978 187 223 910 753 633 409 594 898 973 614 188 526 1 440 146 505 402 857 788 513 584 178 671 880 212 691 467 319 763 811 248 994 470 989 2 459 906 210 459 276 208 303 384 194 337 936 774 121 208 600 243 335 810 974 121 123 169 377 92 277 407 813 970 166 916 435 315 101 168 570 118 115 605 205 953 907 285 161 307 685 995 70 497 572 798 135 588 477 537 856 32 199 459 186 5 25 449 658 370 201 800 6 941 776 256 404 652 517 397 81 755 201 345 478 64 370 892 357 889 44 176 13 492 384 550 680 891 12 31 866 766 579 339 930 456 323 125 566 577 518 112 867 398 185 379 79 169 139 1001 206 701 646 832 655 538 105 623 914
43 486 155 459 143 211 793 251 129 428 332 95 993 993 329 406 303 686 359 180 184 52 594 486 523 883 685 491 820 642 415 872 508 784 722 2 152 502 951 815 990 240 767 533
170 609 751 562 919 896 665 644 946 63 767 225 81 581 969 289 43 894 630 750 949 929 77 122 404 425 444 443 683 751 372 401 510 494 864 520 720 496 298 432 77 762 259 293 874 291 254 721 519 732 337 448 549 566 568 654 202 819 588 285 322 535 80 537 435 234 379 208 41 256 730 782 460 179 655 272 168 134 533 466 41 773 728 882 241 785 280 601 534 673 681 346 670 889 192 95 360 375 985 806 969 117 448 581 566 480 584 625 792 244 986 894 674 960 47 668 481 677 890 693 969 180 943 329 381 269 634 860 759 29 498 59 293 194 317 682 628 547 763 188 545 17 995 926 131 298 409 79 102 208 30 463 498 646 991 570 908 287 995 827 309 226 196 834 795 583 653 139 560 937 989
87 505 445 576 164 914 736 987 505 616 804 98 334 977 973 709 390 508 548 308 252 870 644 155 535 81 115 573 197 158 858 796 569 118 420 1000 401 223 941 90 465 869 657 619 564 518 50 813 919 963 79 862 976 465 865 862 820 155 951 255 70 69 334 640 984 682 994 93 848 63 471 822 357 860 692 750 518 442 496 427 524 985 477 888 37 826 365 768
62 646 741 939 845 41 360 717 273 922 764 716 176 27 202 522 906 607 786 765 560 845 157 690 902 827 260 499 959 348 444 333 359 859 742 331 3 855 371 687 775 955 721 173 61 116 119 684 837 345 239 242 668 618 159 235 221 207 649 482 1 653 998
75 946 270 739 98 626 588 902 119 512 345 187 551 980 339 633 543 482 77 873 857 437 992 995 11 737 857 740 746 404 558 300 722 364 607 784 845 43 320 341 808 692 55 979 392 914 567 120 172 136 604 405 681 30 11 789 257 785 696 977 688 782 819 809 559 32 681 903 623 719 419 203 633 559 172 284
124 446 884 662 712 583 77 506 203 288 51 778 957 199 783 211 820 591 444 373 173 783 522 919 449 740 439 301 745 310 658 509 84 521 908 64 227 477 413 163 545 618 955 450 996 340 923 794 642 334 458 262 739 22 956 27 431 840 989 84 621 785 902 871 223 750 139 758 799 870 368 398 853 431 476 506 534 192 808 319 442 438 650 303 939 644 542 456 813 849 52 833 95 476 751 161 544 324 3 267 165 785 781 884 124 736 288 374 302 993 557 675 813 883 126 631 86 122 102 988 234 906 628 897 595
110 132 232 963 549 136 660 907 621 926 568 581 905 948 261 1001 3 568 129 624 59 42 724 254 456 293 510 507 152 277 942 329 75 489 434 941 12 16 594 272 660 447 165 803 194 770 832 760 152 929 738 256 83 33 819 539 618 431 45 471 956 281 507 199 323 997 657 137 518 694 3 649 129 481 805 231 412 675 515 345 551 489 322 248 316 491 527 379 931 132 293 477 120 573 747 647 354 839 348 877 37 178 340 600 358 987 755 8 614 149 899
30 744 196 937 32 77 732 230 895 420 842 713 118 559 184 500 557 783 107 700 722 400 201 538 307 40 478 655 590 66 40
58 765 286 329 551 5 656 102 468 705 201 16 253 693 888 716 185 832 779 526 56 528 318 623 628 882 111 994 827 574 894 933 840 452 974 208 813 639 475 681 434 665 139 239 424 218 271 834 748 85 413 267 878 676 541 395 177 828 767
99 661 768 469 534 440 894 325 987 201 388 38 578 465 424 503 876 783 576 131 418 746 11 137 169 129 676 648 931 941 932 461 134 329 115 254 665 583 897 250 720 695 144 111 273 841 912 846 490 392 376 587 731 555 329 824 723 310 37 535 672 33 616 443 845 450 340 599 403 913 811 244 845 12 603 754 210 624 911 418 152 26 151 570 301 380 196 84 419 96 255 935 245 333 823 76 947 522 99 372
198 987 657 472 43 72 558 954 361 26 977 553 735 781 698 168 204 122 263 150 407 64 807 730 161 300 121 694 877 303 454 309 278 818 105 340 289 103 14 431 716 275 760 988 230 95 946 526 283 866 973 15 892 954 78 59 68 923 527 418 923 992 111 846 504 993 31 446 351 993 828 69 741 349 256 106 616 950 196 486 625 885 169 829 339 884 749 137 925 385 679 524 924 740 365 600 436 25 450 581 978 198 913 554 970 669 650 837 83 474 905 183 775 658 995 828 517 755 925 615 358 767 77 984 762 424 446 176 422 968 414 471 218 184 518 993 36 378 1001 344 267 145 813 430 374 732 673 515 999 883 764 961 411 198 486 277 869 727 226 490 828 575 964 835 595 101 330 280 671 862 610 656 289 182 170 601 117 596 149 849 236 269 318 921 644 162 217 360 590 329 284 223 523 888 666 63 800 263 322
166 918 617 554 78 927 931 906 727 129 477 929 969 200 497 989 665 942 727 335 635 451 339 119 624 833 328 169 737 696 657 304 292 984 238 708 796 854 603 14 726 777 220 761 165 35 9 92 376 63 428 789 773 222 887 427 570 603 169 558 235 761 729 877 459 459 303 443 100 254 664 628 414 966 185 603 55 987 316 398 818 868 754 835 493 540 600 852 231 791 509 906 874 935 488 955 435 955 659 694 496 864 644 111 858 599 134 908 913 594 981 858 970 89 471 969 234 909 379 102 805 523 151 822 776 494 693 27 389 812 805 187 598 459 566 964 933 307 195 418 295 478 216 444 994 255 116 792 602 826 139 9 790 711 898 796 649 242 725 273 467 897 432 170 525 114 142
80 928 922 945 263 94 484 951 535 525 970 218 313 324 251 915 592 604 804 474 954 327 72 393 445 632 290 61 916 758 171 803 992 159 13 62 378 244 43 211 454 775 30 628 844 923 167 501 310 793 190 562 925 975 209 976 839 668 658 205 200 919 497 277 267 700 818 519 108 614 620 521 829 294 195 465 327 445 73 961 947
58 739 447 943 407 86 233 130 365 321 596 549 114 15 54 216 625 379 755 165 708 208 549 537 998 597 919 82 210 555 43 683 211 50 991 892 840 689 614 854 43 261 570 184 801 364 180 293 299 256 953 323 326 652 370 420 400 18 152
191 477 157 845 244 38 952 964 770 801 740 650 570 303 705 125 254 699 389 561 728 340 808 318 743 819 34 949 863 900 523 792 334 775 828 362 721 694 154 589 775 816 550 372 757 210 112 533 617 548 363 672 181 290 553 150 366 740 265 399 429 10 94 502 62 769 143 434 953 224 46 376 657 869 824 17 268 545 844 594 547 700 420 10 839 218 255 778 556 413 329 463 248 424 322 268 271 551 445 608 965 754 826 747 86 469 325 190 401 231 823 728 815 766 373 77 985 262 127 634 782 954 917 530 572 286 15 924 229 364 862 683 494 194 828 236 517 362 968 997 72 284 676 203 371 133 561 448 79 714 463 250 840 322 887 314 127 776 499 257 88 426 102 525 402 66 160 324 309 842 410 738 775 323 809 621 85 571 876 785 824 864 729 940 415 701 256 53 540 114 461 942
135 13 566 726 344 898 92 406 956 970 221 877 984 894 381 361 71 965 509 648 45 647 891 695 459 781 678 67 55 616 74 16 435 2 830 4 447 846 76 389 813 213 863 312 690 856 400 242 864 748 184 373 911 869 393 106 786 346 789 313 383 554 488 535 480 289 78 550 65 62 914 587 755 246 143 675 451 331 908 499 640 222 860 621 875 85 86 928 969 40 148 836 212 271 151 185 463 430 360 342 223 207 877 866 424 532 455 229 800 429 621 134 207 226 879 446 273 900 671 217 836 763 970 504 315 107 275 225 891 532 6 824 442 755 639 813
161 855 807 270 463 210 973 32 230 338 948 937 171 359 160 311 886 242 812 45 401 185 344 572 360 52 994 184 753 194 422 807 239 59 51 766 578 525 408 360 260 275 81 173 251 314 772 954 330 593 457 419 944 339 204 710 572 164 498 204 371 494 178 588 82 202 319 306 148 342 95 264 312 766 870 34 885 571 521 645 990 965 68 313 195 818 759 10 135 568 678 882 317 324 775 804 343 200 146 795 915 387 499 707 459 369 340 580 721 672 587 106 448 769 432 172 115 457 455 997 993 203 475 715 845 488 41 222 817 95 988 68 377 100 112 594 831 614 866 720 76 593 533 623 783 844 972 419 74 826 699 450 284 151 398 922 645 599 96 207 511 951
135 501 499 691 928 338 616 192 180 676 423 755 211 666 160 384 503 136 886 729 537 151 285 929 370 166 914 343 524 969 687 636 50 439 623 224 74 41 63 585 284 281 403 71 852 879 806 808 933 367 343 646 505 49 687 578 621 264 169 41 998 940 173 866 797 459 228 214 556 20 876 44 838 45 323 623 907 68 504 690 908 259 778 631 933 452 595 836 315 224 886 234 222 673 37 216 546 473 50 322 375 833 594 421 299 919 138 241 688 151 24 919 629 221 690 503 328 444 975 808 234 412 982 66 689 531 533 644 782 315 944 588 555 536 788 15
124 986 247 832 792 446 230 150 896 376 514 125 295 938 1001 53 413 437 910 264 946 137 162 728 125 45 683 753 782 183 481 617 484 546 243 325 359 263 770 898 696 756 75 814 651 814 389 467 579 126 609 858 72 178 734 809 821 675 211 849 953 329 875 284 493 341 924 242 285 601 905 361 314 738 330 582 499 13 966 594 688 307 164 148 496 796 101 519 751 945 816 637 589 82 548 585 778 191 904 585 796 927 159 646 925 501 760 778 617 962 248 115 181 160 142 578 476 265 488 24 767 845 27 171 936
24 694 993 985 404 775 329 683 574 265 297 151 305 28 677 120 590 194 850 742 9 191 34 363 285
183 33 491 390 863 360 992 584 117 472 695 72 708 61 370 685 569 838 529 35 422 398 68 8 702 227 871 255 241 757 331 804 743 838 89 599 821 26 491 954 394 19 432 416 379 445 101 392 117 408 237 356 331 113 97 728 405 840 270 436 557 645 336 159 434 826 484 465 989 96 53 708 469 50 878 811 707 48 777 530 656 984 868 659 222 232 223 472 546 365 286 970 261 585 838 921 367 686 935 766 392 145 745 993 439 741 192 429 396 614 141 333 561 777 749 666 884 230 307 656 735 463 710 858 860 530 688 274 868 284 215 362 254 804 638 636 643 287 773 676 967 89 728 584 978 854 279 948 794 714 989 113 381 199 511 492 890 960 39 801 303 297 455 802 925 642 245 780 577 385 591 359 88 964 161 292 157 165 601 816 452 10 774 581
115 135 40 854 619 253 75 416 185 699 364 685 974 470 883 534 907 227 344 535 17 222 993 441 606 550 329 481 220 371 331 585 319 605 893 6 567 545 606 880 628 915 961 52 601 798 56 292 368 629 534 884 912 866 659 894 232 352 426 88 84 373 565 239 970 346 873 960 752 627 183 768 179 848 907 194 995 108 818 328 345 543 299 143 164 91 54 46 68 59 794 485 149 892 919 158 450 94 988 418 229 930 203 42 390 675 330 965 120 586 594 145 183 37 888 541
172 218 656 808 841 767 420 381 352 515 833 206 443 364 878 194 814 84 130 913 734 480 111 173 171 98 681 775 397 437 728 985 747 26 746 885 361 486 478 510 183 510 901 429 66 547 233 552 397 209 637 856 938 207 638 896 643 118 764 30 689 5 89 231 180 49 715 191 549 322 764 443 548 248 605 403 232 488 43 538 64 97 144 811 758 633 115 890 929 70 974 640 721 227 854 724 959 169 687 60 108 382 437 837 347 902 438 793 188 626 454 688 188 369 765 937 622 210 320 936 623 293 958 67 864 999 910 850 72 517 787 607 657 451 768 963 356 260 580 602 333 486 586 478 148 36 599 473 769 931 86 38 671 38 869 199 960 608 954 425 221 937 560 644 42 613 539 67 934 332 523 814 493
70 59 739 127 604 845 970 113 649 251 211 472 401 625 792 990 220 111 364 764 535 909 169 232 446 844 574 645 122 657 184 399 913 845 775 677 160 902 134 665 700 790 404 218 604 150 643 273 340 28 181 658 513 376 808 30 63 120 477 793 22 22 831 236 787 392 104 494 226 939 978
93 880 81 50 179 262 495 479 129 418 527 107 550 482 104 304 304 452 776 989 347 713 415 485 92 731 975 204 630 827 93 72 143 182 676 280 780 556 273 525 938 559 601 684 666 967 394 605 473 411 867 659 979 503 777 251 52 872 491 775 213 161 132 717 970 420 44 841 727 324 577 592 761 823 749 798 306 790 286 70 299 893 344 827 45 819 750 718 901 281 957 672 915 419
95 288 806 97 925 293 746 95 947 745 359 509 264 191 539 816 96 875 74 312 847 268 818 42 549 621 814 785 915 460 487 566 509 7 983 401 721 340 421 682 798 516 489 403 443 147 540 321 770 964 917 275 577 656 634 617 209 912 830 137 217 663 323 829 460 114 388 790 257 607 92 612 672 114 852 929 982 921 445 84 585 640 987 919 863 35 606 576 262 650 715 613 454 421 966 282
146 620 54 33 205 184 7 577 101 120 778 371 50 909 823 273 102 921 724 299 3 279 920 656 821 524 657 312 210 404 547 474 935 782 285 91 501 657 390 997 744 385 740 967 983 361 956 496 632 752 820 361 795 29 438 508 505 389 557 346 60 829 719 214 863 257 127 459 820 318 398 681 760 235 250 884 575 126 991 362 819 697 340 403 484 63 397 203 737 741 412 408 412 872 481 225 688 685 972 232 753 195 810 213 93 815 661 801 536 353 307 914 508 134 387 991 124 118 107 306 570 733 334 361 860 284 903 64 169 786 563 558 899 752 205 380 930 653 703 382 173 95 296 382 513 727 865
139 469 963 408 306 945 77 815 253 693 439 675 778 611 165 269 543 381 46 594 420 383 980 451 115 509 938 817 529 192 667 477 692 683 253 744 384 271 363 201 346 750 392 917 603 949 439 330 547 689 335 466 719 540 77 292 469 693 894 576 574 104 662 520 593 61 908 598 37 785 545 838 460 559 366 872 447 739 480 386 242 220 78 666 278 371 254 80 901 234 148 920 195 165 581 53 226 454 910 149 465 779 441 173 762 183 645 640 616 577 79 164 136 590 795 104 465 193 640 920 342 498 113 284 290 831 680 534 313 858 881 98 947 583 603 991 215 498 337 423
39 438 882 32 960 505 797 475 313 209 928 306 628 961 914 498 190 640 38 38 25 196 276 815 495 936 627 256 387 950 539 824 780 275 986 983 945 38 609 559
48 458 587 919 748 668 840 408 523 343 807 401 909 19 772 842 691 480 509 33 899 970 660 788 932 961 654 994 496 812 253 119 475 478 616 457 157 205 566 216 24 228 264 86 727 776 219 789 622
60 384 412 513 747 121 924 284 768 235 473 606 500 350 625 497 941 735 744 656 887 399 476 657 928 171 345 452 926 258 903 283 508 900 358 894 517 509 416 609 11 538 435 812 437 935 643 992 216 320 545 532 492 311 908 598 888 489 915 410 73
131 181 673 259 192 347 612 649 898 390 814 655 816 380 57 103 658 229 431 569 722 953 220 181 277 249 642 841 620 424 561 36 938 637 177 144 382 41 237 350 603 905 435 792 140 356 744 987 449 325 522 167 761 876 508 791 38 68 989 366 202 764 758 146 795 961 894 177 707 949 167 313 241 937 289 638 107 346 833 471 972 512 219 539 577 943 150 599 621 676 701 991 61 853 773 112 86 899 498 332 18 265 14 601 477 352 688 43 319 256 187 115 502 948 573 601 8 504 652 479 485 250 966 125 27 767 824 266 945 702 170 76
122 598 965 109 593 554 605 906 60 493 455 798 783 433 907 258 755 616 100 121 839 281 645 825 303 576 820 317 206 670 803 594 917 710 264 145 945 352 639 910 6 16 995 212 439 287 706 434 257 286 719 176 924 266 31 670 355 204 35 719 278 816 491 709 674 297 675 781 795 62 461 148 864 318 411 217 397 729 503 153 248 178 533 478 596 731 221 263 222 477 56 588 651 548 691 741 576 778 79 586 252 556 693 137 223 184 854 658 101 44 619 774 82 188 523 930 112 488 198 521 549 651 399
186 36 889 958 505 264 932 935 194 90 701 463 761 132 155 958 972 62 611 192 687 510 712 318 341 889 781 603 743 292 323 155 886 528 907 604 484 206 127 158 753 267 453 682 789 747 737 390 657 13 685 690 673 801 932 883 329 756 103 37 22 183 995 567 285 666 66 451 162 241 166 595 159 916 687 282 298 237 307 911 945 65 681 365 207 689 521 843 479 266 950 487 56 697 383 132 882 420 869 868 526 377 380 420 914 19 742 806 91 2 76 298 889 36 556 351 321 607 120 230 825 258 262 129 369 988 163 272 773 58 66 450 705 190 304 631 276 488 466 325 411 880 827 209 619 67 704 30 427 964 314 944 199 327 231 791 639 844 167 673 632 859 598 160 500 770 442 504 316 469 371 510 856 154 970 380 239 625 179 784 233 640 55 134 924 826 730
182 150 533 122 260 745 289 781 423 915 164 770 305 25 951 928 297 535 613 358 704 1001 1001 25 746 176 697 449 486 550 441 183 910 232 792 1 631 810 386 743 812 913 381 840 770 273 851 743 667 850 366 119 604 590 913 873 519 227 775 509 959 571 695 996 825 565 207 230 922 374 911 578 668 423 773 321 870 365 658 442 477 934 211 11 989 864 787 884 720 617 58 774 626 992 671 994 336 116 862 446 545 405 562 790 407 693 182 284 93 994 379 425 782 753 514 726 379 506 283 100 130 842 633 450 366 948 571 772 174 601 845 483 511 350 481 757 193 80 56 10 199 205 995 786 561 367 689 915 672 761 927 36 242 592 622 365 386 187 446 922 901 157 969 591 679 97 827 669 104 679 965 435 776 9 782 352 38 425 896 527 931 433 659
190 739 200 386 841 950 425 842 973 167 841 165 750 790 264 733 579 89 140 704 469 900 988 1 602 119 521 28 462 460 252 995 222 10 457 180 355 104 558 640 674 707 124 767 703 605 944 101 229 566 465 128 305 666 918 530 803 926 22 231 970 137 874 697 951 400 829 439 872 737 650 264 168 237 360 416 342 595 320 878 497 361 756 57 900 830 211 871 13 693 6 966 448 752 401 333 917 962 981 387 819 453 929 456 849 22 817 17 652 947 759 753 682 201 236 712 285 970 679 460 17 830 965 688 533 815 62 673 852 14 818 134 492 523 858 680 155 731 189 962 483 503 71 928 468 946 618 369 211 15 177 999 211 988 770 387 19 547 422 368 861 977 533 197 715 831 55 623 835 62 638 177 548 135 956 687 289 15 832 746 689 447 489 458 937 318 130 967 75 404 23
53 61 453 432 351 195 821 717 285 434 95 581 622 783 97 975 487 885 429 528 157 243 869 604 295 179 131 257 706 115 116 226 393 93 172 470 969 499 76 98 316 216 902 738 385 304 3 97 824 519 308 655 415 624
120 872 940 589 142 157 311 936 622 130 27 74 973 322 984 743 280 661 691 542 827 309 282 597 699 92 847 434 130 355 929 490 762 192 524 480 176 637 723 411 22 699 147 846 8 925 222 950 438 10 252 763 103 569 971 481 880 764 296 644 134 248 866 526 526 465 957 828 730 344 511 860 22 217 439 230 209 574 618 499 211 630 576 921 698 799 518 231 613 252 518 128 664 236 397 762 238 26 153 708 493 172 498 427 602 57 468 912 425 918 853 770 57 873 284 535 55 5 618 214 535
151 710 875 577 141 351 62 520 432 304 391 27 849 750 631 555 214 831 332 530 981 432 913 682 410 63 778 815 459 587 887 139 374 785 332 138 175 943 41 543 356 100 759 626 317 609 427 292 23 185 311 411 822 387 727 606 129 323 611 539 700 385 674 337 31 824 755 86 795 867 650 453 525 560 200 987 230 783 821 364 186 689 744 806 139 305 141 676 738 345 289 665 719 227 337 676 905 270 470 612 182 152 815 64 224 991 397 231 818 718 711 737 536 98 688 468 629 292 185 199 397 331 997 850 718 640 60 956 627 736 332 538 891 531 432 277 133 445 518 115 425 13 447 171 98 173 417 601 304 876 910 724
42 418 844 566 991 709 460 892 33 128 959 707 258 182 260 130 16 193 535 382 63 996 491 264 27 290 691 686 456 951 945 639 658 932 470 166 940 300 273 117 327 650 752
84 867 134 665 316 380 105 489 261 779 697 66 987 938 949 784 769 279 764 155 958 787 787 897 130 831 786 436 163 853 669 367 960 557 488 866 103 871 70 927 62 549 64 620 938 465 111 33 502 657 216 499 915 407 651 525 892 706 700 109 613 622 164 406 810 921 363 767 919 412 395 464 288 789 502 58 711 881 147 154 763 139 926 119 531
64 678 292 823 738 18 569 713 454 163 204 21 643 273 356 95 469 747 401 948 173 652 550 548 271 893 217 521 53 74 61 968 146 507 341 655 166 610 633 102 93 365 693 799 114 491 34 146 205 326 155 595 74 896 699 147 1001 697 624 135 529 41 76 528 821
39 573 910 1000 151 93 784 682 151 908 587 619 340 425 681 898 870 8 130 644 179 697 163 885 242 951 212 34 129 993 111 134 948 497 470 118 520 254 150 809
180 953 650 801 713 189 255 350 953 944 412 398 579 471 297 1001 30 358 41 154 834 644 650 194 90 622 908 801 544 604 581 497 691 123 418 255 176 946 9 23 680 438 748 319 41 553 126 591 23 324 401 219 531 657 529 904 578 589 97 960 145 137 804 409 176 415 937 160 469 477 793 672 264 312 240 180 669 776 842 224 641 38 960 402 118 825 597 838 806 71 825 932 143 365 155 807 331 121 732 996 475 731 745 55 972 193 320 64 738 404 746 706 207 145 142 168 251 435 135 669 957 895 942 128 863 849 589 912 707 614 931 93 950 694 840 922 332 820 34 835 973 152 726 990 870 735 413 383 77 759 579 588 217 60 736 422 931 190 661 273 848 869 370 380 456 684 994 97 748 103 87 388 669 610 158 108 679 216 696 367 417
142 418 832 626 454 811 681 361 893 308 858 475 807 685 791 563 58 443 978 865 9 670 290 314 992 286 788 348 387 212 342 297 759 880 671 472 253 695 24 975 409 528 357 763 563 33 928 657 348 725 953 772 245 972 251 601 539 351 526 161 300 709 266 860 85 722 486 857 589 329 501 244 763 600 842 549 231 893 728 723 488 299 855 4 969 696 592 444 600 1001 280 450 251 291 318 233 492 783 459 918 749 955 558 89 643 611 670 970 610 245 379 148 281 588 636 176 432 297 39 565 8 702 373 33 728 328 731 117 98 470 895 167 770 642 499 588 703 216 154 166 194 105 62
20 124 467 571 491 654 724 945 851 683 57 584 677 928 492 54 711 560 769 65 929
87 89 707 382 791 800 608 889 577 581 955 283 997 560 805 634 989 734 13 601 564 533 655 547 708 633 188 707 31 692 490 825 419 705 198 521 975 780 120 827 514 873 428 762 620 215 552 411 63 440 746 964 212 376 325 385 228 789 824 453 852 317 85 62 125 541 578 622 853 884 937 889 927 727 784 33 234 170 378 350 194 523 85 588 807 746 665 360
174 964 643 30 199 229 972 85 239 806 713 274 937 41 563 932 87 271 844 547 87 327 374 842 351 713 583 242 699 24 638 130 442 284 569 132 695 952 867 571 843 945 243 17 56 455 146 368 855 677 758 161 400 26 195 703 363 386 511 90 303 82 913 660 466 862 337 234 507 313 983 504 194 594 496 803 384 70 585 972 160 907 195 398 868 573 321 432 828 749 826 578 276 787 303 214 794 178 836 304 926 327 464 303 43 913 909 982 972 959 480 532 590 3 597 677 244 972 519 758 630 34 513 429 105 227 232 458 61 64 174 42 928 969 882 423 703 982 628 668 259 370 949 618 449 579 885 601 192 571 601 250 415 62 116 237 177 655 759 922 997 549 956 760 30 627 812 621 840 705 37 172 280 223 937
130 978 41 868 956 747 808 909 233 187 487 979 192 165 451 602 78 105 975 319 6 154 831 14 711 761 427 140 611 479 820 992 653 131 385 418 556 762 403 57 202 803 840 285 426 619 546 662 254 163 110 509 997 928 978 867 732 779 39 613 6 647 640 769 356 653 554 389 912 127 776 479 635 429 12 92 683 307 477 948 392 511 854 995 218 517 951 985 775 689 388 714 808 201 454 485 21 364 761 281 292 568 467 835 60 343 281 147 129 211 101 749 939 756 513 519 112 428 78 777 57 746 285 515 664 622 518 221 868 183 969
136 376 691 599 357 762 891 102 822 400 727 576 29 391 504 927 588 417 862 545 109 735 228 59 2 957 534 754 702 711 418 791 569 325 386 826 693 418 753 664 691 779 233 375 393 193 515 760 252 571 623 925 234 241 156 122 486 910 730 135 130 321 889 408 119 663 103 867 129 873 987 452 670 866 259 120 583 543 137 308 198 483 685 888 648 805 254 853 313 989 884 205 306 854 573 371 738 267 558 62 59 759 291 383 23 114 601 507 627 290 920 214 567 315 781 409 78 321 928 762 312 826 618 387 363 8 344 822 161 791 854 936 949 639 867 949 612
188 554 346 819 452 29 461 509 771 571 787 712 817 429 426 412 499 772 89 65 12 842 486 676 56 925 617 136 812 71 590 265 371 495 741 561 779 710 286 397 677 336 585 844 870 550 6 269 753 881 633 462 1001 359 733 422 916 196 308 450 332 8 44 917 131 339 290 754 931 819 897 128 24 434 896 688 673 761 449 101 379 9 806 806 951 812 218 886 573 724 594 314 510 441 371 740 808 590 166 881 145 756 190 159 422 344 285 554 395 850 539 712 717 807 113 793 762 226 661 150 7 133 7 860 967 709 1000 183 492 930 692 970 540 22 894 694 748 453 749 379 133 87 98 919 876 754 60 314 636 472 740 444 385 643 407 947 181 565 838 184 668 881 250 717 47 734 560 240 735 377 560 214 949 491 105 491 907 715 273 498 526 960 553 500 885 473 787 740 132
34 127 347 550 774 39 15 599 887 391 678 333 880 612 986 300 515 424 888 745 551 570 356 47 979 826 407 785 424 56 449 345 547 606 180
141 835 307 3 474 355 939 708 910 227 646 617 594 716 821 863 232 910 228 595 539 162 267 736 381 211 254 255 595 154 739 315 849 698 19 742 378 21 664 495 748 981 799 865 115 839 221 449 25 779 935 824 560 34 73 668 204 885 687 189 704 297 932 356 970 224 99 485 683 282 165 761 598 636 837 198 331 100 908 859 996 149 589 331 762 994 270 484 563 806 836 472 988 573 497 184 816 249 577 563 578 966 438 950 604 188 226 143 954 6 275 666 903 262 577 717 916 324 337 954 775 579 417 836 998 560 366 301 90 333 324 652 882 343 527 888 47 239 274 870 859 177
109 54 451 938 978 526 965 717 762 653 286 783 709 319 127 831 398 946 288 621 296 637 909 583 435 73 649 482 166 964 741 117 50 548 693 736 792 757 770 451 869 641 966 53 572 850 131 579 414 850 620 353 758 502 375 237 393 19 158 872 967 192 970 352 102 794 123 180 948 87 48 175 293 565 759 300 601 518 794 607 846 995 425 352 457 486 464 293 251 547 901 487 302 123 929 582 977 545 478 184 403 82 995 670 830 306 842 717 722 148
108 327 868 232 683 939 892 27 105 769 534 982 648 256 387 145 208 691 316 250 896 638 923 983 626 480 172 295 589 964 150 359 940 457 80 441 394 796 363 878 354 138 409 861 509 35 402 709 988 235 83 371 291 901 482 193 949 749 203 565 858 787 103 62 596 305 390 155 566 640 211 375 245 25 726 908 793 698 689 456 326 371 21 345 479 474 43 572 899 255 430 412 844 455 249 772 42 94 486 868 1000 483 669 350 844 72 322 886 16
154 796 183 181 573 979 25 975 164 994 220 955 672 899 785 39 295 1001 82 473 895 645 91 39 920 416 120 947 749 890 884 496 626 932 932 25 820 281 697 37 285 139 576 641 802 301 331 817 306 513 870 415 478 650 503 767 816 534 481 592 908 534 795 512 849 735 637 961 544 348 798 781 557 326 110 185 526 795 763 232 363 72 887 151 854 939 905 113 723 733 862 599 914 610 19 49 942 906 802 203 294 469 106 542 968 383 414 94 221 905 30 254 902 80 697 609 509 646 941 335 855 3 968 887 922 670 92 533 367 352 299 545 612 417 167 668 621 86 107 716 616 61 76 441 761 545 661 744 71 216 788 421 258 125 575
195 350 470 250 483 413 903 378 246 466 475 974 999 446 379 447 737 992 604 883 518 203 280 951 111 493 562 817 563 654 484 609 180 912 614 966 595 418 150 558 495 178 883 257 748 514 621 409 85 799 762 260 789 859 933 264 157 507 326 487 340 61 53 469 281 775 780 904 448 759 269 859 565 604 49 311 936 444 993 698 185 4 357 160 533 777 680 146 504 563 129 493 103 64 350 352 57 578 852 786 47 381 476 61 86 353 898 624 163 762 638 345 580 323 10 328 403 743 248 783 140 476 528 264 481 223 296 494 684 194 489 584 171 32 384 293 826 584 86 875 480 985 760 804 183 682 541 429 674 718 276 656 308 902 100 191 462 485 402 167 290 441 786 809 594 361 761 676 452 813 202 180 259 283 859 703 827 988 418 120 37 994 161 21 919 258 368 302 333 571 324 563 326 587 875 26
169 178 365 826 671 117 5 709 508 785 727 450 120 112 66 776 403 615 599 668 506 210 573 286 145 557 276 149 619 586 970 926 39 840 37 214 312 419 677 484 945 532 591 293 308 834 473 518 560 269 186 811 929 116 680 650 637 223 717 930 417 62 782 488 496 302 55 119 262 171 271 951 496 714 298 753 952 20 170 948 899 3 409 373 646 692 769 386 567 334 201 776 563 784 312 227 318 71 706 94 991 581 319 119 849 435 697 718 555 276 980 222 237 988 245 341 370 455 101 970 915 526 526 739 724 608 678 296 701 417 788 413 17 137 967 464 618 193 657 153 548 956 737 895 18 962 618 329 675 700 744 775 889 96 173 926 199 529 785 90 155 143 678 405 226 650 563 961 485 644
43 888 673 720 928 300 897 774 562 119 799 418 925 596 863 622 436 880 417 63 983 647 418 924 555 746 649 747 932 848 848 979 159 373 831 995 40 533 152 460 771 108 134 767
153 993 121 710 721 773 610 95 492 1000 480 476 749 412 374 157 264 545 89 636 575 820 660 771 636 521 912 135 488 97 560 580 505 315 367 891 23 467 790 877 996 189 172 792 971 569 534 488 325 344 34 494 67 217 350 218 420 83 891 876 721 289 609 294 248 716 945 178 693 456 402 604 758 16 141 89 189 682 786 274 51 172 871 844 524 641 745 544 846 167 511 875 18 51 703 115 366 101 393 372 915 448 284 779 985 652 323 680 63 646 527 834 146 121 542 255 188 930 391 803 589 555 238 573 33 27 230 315 612 914 544 677 616 130 732 932 776 2 458 448 486 637 640 985 295 447 896 162 758 628 248 598 298 507
66 746 625 484 589 7 888 887 83 650 873 449 747 13 526 183 241 968 711 861 440 998 91 487 585 101 213 918 449 688 783 723 719 886 873 869 684 811 494 740 842 441 341 767 884 97 712 63 162 555 174 722 21 642 460 689 678 163 224 340 354 410 968 205 86 387 412
190 114 271 492 329 738 693 488 350 661 534 282 889 296 554 994 595 698 461 42 116 286 165 187 330 839 1000 450 890 492 588 470 521 173 409 699 72 119 106 564 580 234 511 396 288 560 12 482 496 570 389 535 508 135 598 543 958 678 507 834 535 811 235 961 943 851 958 414 41 60 381 601 62 997 838 487 916 466 156 52 871 963 475 505 346 497 1001 339 568 21 833 426 946 547 144 729 641 560 181 496 225 202 853 410 510 5 758 738 503 844 675 571 618 207 829 953 399 515 128 996 897 999 26 716 896 34 236 255 781 836 351 370 472 361 613 277 940 170 157 124 271 775 358 340 323 194 82 131 323 598 818 666 895 62 925 221 504 161 908 229 32 71 920 969 471 780 789 1 727 936 354 257 646 982 160 549 744 527 656 987 967 273 436 792 664 412 341 906 105 676 722
128 803 460 742 282 563 974 321 495 343 860 835 706 250 363 984 644 821 376 889 182 421 904 931 500 520 537 591 455 536 852 548 22 361 498 200 933 654 321 738 311 450 666 934 622 993 316 667 843 646 500 478 163 153 682 135 371 303 895 133 632 415 707 440 974 237 806 332 784 801 544 261 821 372 891 872 40 894 317 972 220 640 17 775 550 201 991 251 785 618 293 989 457 634 220 327 651 384 61 639 740 953 747 791 102 887 555 71 752 288 917 289 328 455 343 572 102 725 506 134 684 676 540 215 273 298 371 992 154
33 623 953 89 263 36 165 213 814 610 384 466 809 898 81 852 667 704 44 129 949 749 223 987 45 283 185 103 252 773 186 809 733 842
30 397 832 351 461 742 111 661 501 361 760 935 604 734 889 63 638 372 219 773 509 749 990 665 295 602 206 83 19 968 711
135 354 555 973 582 774 824 685 609 927 405 496 844 404 99 571 84 596 200 382 314 504 184 684 287 943 190 241 140 555 860 678 766 918 774 571 475 171 242 341 725 655 36 797 509 762 955 920 958 496 422 793 944 212 118 441 87 659 157 711 396 939 981 831 750 812 288 358 639 1001 361 617 346 5 143 463 845 672 144 231 883 194 715 528 41 689 382 335 203 859 427 720 124 119 21 156 135 332 230 941 976 822 319 992 79 696 374 953 726 399 429 586 457 311 362 809 187 91 710 808 749 106 972 295 222 231 186 3 94 812 844 131 124 690 350 969
169 620 321 329 735 485 481 64 963 712 501 284 829 944 657 475 395 229 556 156 881 143 722 696 563 347 519 947 362 72 378 754 870 133 957 150 882 724 873 777 254 218 61 293 309 165 446 430 655 115 98 468 686 36 907 542 92 708 41 358 804 569 677 723 160 214 300 310 102 920 185 171 579 8 632 889 915 27 558 374 22 291 963 979 422 996 25 638 437 97 543 419 17 20 428 554 855 936 46 917 843 441 598 604 785 694 291 247 379 457 892 686 785 730 201 743 510 114 777 438 817 790 39 44 605 929 291 823 954 669 572 702 116 781 860 975 467 570 753 243 913 412 959 266 509 2 593 146 190 894 547 2 880 918 976 724 32 122 843 151 440 997 963 7 193 822 411 456 222 422
23 402 804 436 449 173 747 562 297 898 984 160 554 301 58 103 32 524 418 571 80 679 716 743
178 959 294 653 455 757 473 498 162 25 471 463 851 661 284 247 958 701 626 623 906 303 17 345 134 940 203 849 778 818 855 790 910 128 980 250 796 166 525 522 449 470 780 408 111 671 440 240 820 926 125 689 114 390 638 42 494 134 295 857 890 300 30 566 98 994 820 571 562 917 314 350 538 885 808 849 314 464 247 652 904 846 716 302 576 583 389 946 918 466 719 929 150 31 375 224 490 414 205 559 43 341 361 768 938 192 58 708 648 271 729 404 701 910 52 6 304 238 556 985 447 615 546 114 576 254 201 684 711 109 174 100 441 461 520 91 414 115 198 140 870 746 411 595 940 666 460 496 68 154 559 437 983 532 739 40 670 532 598 133 465 110 515 497 972 327 157 50 27 931 955 989 727 340 121 801 457 180 282
148 159 971 403 671 681 238 484 800 717 233 319 473 442 461 636 3 183 292 449 286 292 595 833 797 112 240 392 57 526 235 85 830 875 327 709 628 831 281 709 503 725 919 30 90 963 856 551 755 631 150 909 51 783 901 378 352 291 194 847 95 5 204 88 152 832 903 473 996 44 633 238 577 255 774 855 499 591 82 656 475 598 902 359 865 250 664 396 950 471 974 563 988 160 295 523 118 53 44 83 636 207 123 936 526 793 605 334 80 465 48 508 328 254 472 401 991 427 542 365 849 24 642 571 571 66 100 611 211 750 655 833 491 666 869 314 410 60 672 449 808 636 957 855 213 522 990 752 154
25 438 961 168 950 546 781 415 7 337 609 249 977 598 878 239 133 836 402 691 776 997 229 264 92 540
81 89 445 741 39 739 359 641 428 844 441 703 173 197 473 945 911 586 667 135 439 737 509 841 296 1 626 433 279 572 431 216 937 474 936 749 354 285 877 950 165 259 695 329 469 407 26 739 131 133 885 893 463 495 569 851 212 5 862 126 492 860 982 333 905 832 52 763 868 36 101 874 418 859 145 638 960 634 118 12 231 395
82 35 828 86 9 95 833 74 876 637 58 459 600 442 720 278 76 375 300 773 206 775 540 758 256 127 86 943 296 789 627 3 789 580 548 765 851 629 431 378 708 273 693 216 368 125 802 273 841 317 409 230 286 799 363 449 571 238 716 46 460 901 170 471 81 794 710 224 717 390 643 414 299 632 286 892 894 920 118 490 410 649 23
129 254 573 448 918 422 560 808 296 544 411 553 138 68 877 5 260 808 486 852 653 248 142 916 53 349 777 323 1001 330 857 64 514 359 667 701 397 927 855 747 866 103 185 344 52 498 215 312 285 454 777 394 421 97 767 630 630 446 326 712 769 690 278 519 515 45 390 357 643 488 875 811 937 885 598 14 953 167 892 743 710 650 876 148 292 309 872 87 592 167 616 291 953 782 700 598 716 420 729 463 856 519 701 739 475 856 71 78 537 663 488 203 241 510 818 335 603 699 696 357 841 387 66 317 504 344 351 761 285 54
28 847 34 23 687 771 113 799 497 132 962 598 692 291 401 231 138 595 663 623 206 166 991 648 406 438 542 581 501
102 10 268 25 109 983 688 534 867 210 78 895 677 710 316 54 314 859 552 57 220 295 43 635 106 301 558 127 115 287 969 600 780 855 497 140 904 783 235 206 877 57 93 542 292 235 913 989 567 986 421 970 7 394 208 989 196 603 786 500 893 928 568 900 66 923 703 781 621 473 767 375 397 546 459 554 870 96 862 237 678 572 360 384 314 471 36 160 8 340 967 258 80 269 908 557 101 459 202 617 333 282 614
123 27 178 885 877 144 984 692 17 139 905 843 977 607 682 244 67 934 291 208 572 586 873 472 431 968 281 8 768 219 529 559 502 902 59 443 74 506 761 588 529 562 302 208 964 142 101 725 161 260 581 2 535 459 486 586 454 295 107 131 258 938 723 79 198 327 428 70 843 641 169 369 997 761 488 430 125 728 283 408 613 821 553 980 767 733 308 506 785 855 425 767 976 644 38 955 974 738 188 315 633 758 262 579 658 629 998 248 555 390 554 120 688 387 760 126 174 931 808 990 267 819 120 476
39 724 324 935 119 102 820 943 349 363 911 929 605 319 320 421 119 653 488 236 299 101 906 42 251 390 248 569 486 312 390 147 809 174 226 797 178 272 127 478
72 682 78 662 850 730 271 78 584 553 379 919 627 736 794 659 814 992 407 870 260 694 688 135 190 393 891 62 557 513 425 854 435 132 97 819 445 511 666 583 608 401 144 378 96 285 446 439 606 913 570 440 91 263 989 135 206 953 139 881 930 623 31 994 136 204 989 462 60 749 801 212 339
179 867 960 762 306 754 868 133 590 485 675 201 294 381 367 219 718 466 526 484 165 49 939 373 324 755 588 658 132 211 668 221 424 388 575 238 78 66 760 525 170 4 236 903 493 801 756 512 395 797 33 474 266 783 99 301 763 767 66 406 826 749 177 806 32 642 404 82 851 568 143 680 150 15 3 254 726 987 644 429 580 476 866 896 178 288 36 357 73 865 4 157 208 799 740 774 929 658 894 536 845 748 30 813 73 213 130 822 774 352 588 576 112 731 45 810 308 277 600 482 249 136 721 395 897 58 445 461 563 410 93 458 476 836 26 941 53 560 450 370 39 525 251 235 824 643 68 644 564 351 600 255 521 300 264 323 842 102 983 520 389 773 382 500 133 360 257 323 678 190 486 52 361 124 326 879 50 628 2 62
97 298 523 695 95 331 14 923 668 26 320 66 756 899 540 276 344 972 434 755 654 121 347 526 30 108 265 822 200 482 622 204 61 470 839 188 368 326 770 270 522 349 310 43 130 457 752 65 470 39 890 901 273 343 952 373 789 645 550 199 852 600 514 491 811 715 447 586 37 545 660 189 860 238 867 807 236 737 754 168 458 760 998 620 685 624 543 584 267 10 592 687 768 799 20 577 901 596
49 867 864 959 508 726 148 816 637 847 886 7 453 740 153 387 491 498 700 263 900 889 295 798 762 142 344 997 10 135 731 201 173 936 672 663 316 648 852 988 623 617 895 131 702 363 987 812 888 953
21 303 419 181 908 2 360 654 623 150 495 871 985 171 399 206 459 373 625 584 179 520
67 174 736 999 522 46 88 58 417 786 581 753 344 794 627 39 264 896 613 967 164 595 792 522 607 850 836 793 674 714 15 928 529 249 654 116 510 546 855 249 932 608 613 625 436 896 156 812 237 95 328 191 805 333 516 84 194 166 572 850 606 854 189 768 625 344 286 640
135 425 711 726 866 856 649 359 697 254 236 527 729 395 670 130 479 946 232 776 62 98 274 476 971 428 687 571 287 666 745 720 397 494 504 743 4 891 279 159 434 710 929 797 642 862 876 886 303 294 864 72 690 69 300 544 497 485 413 727 71 198 348 785 953 180 835 2 100 631 126 840 871 346 990 368 2 208 595 511 910 656 779 243 797 608 209 706 453 16 966 612 771 117 179 986 760 287 5 746 24 401 858 268 38 649 751 819 680 466 851 801 905 532 300 791 794 379 979 679 375 452 489 154 578 714 711 960 195 973 52 539 931 154 519 623
167 577 383 393 158 743 794 553 579 257 151 525 90 437 381 234 304 356 124 469 171 815 141 945 78 655 590 435 374 132 652 419 562 767 13 1001 994 578 709 847 20 313 807 992 374 5 240 414 994 572 143 692 259 128 379 64 649 12 499 276 657 279 192 975 938 429 536 695 546 374 491 404 104 127 329 98 145 140 402 380 1001 385 466 921 859 185 182 435 365 160 169 1 202 910 451 178 287 563 980 932 649 358 758 712 775 453 233 241 559 25 407 188 25 908 769 971 936 431 925 885 16 58 96 252 529 734 448 50 820 478 508 412 407 543 936 672 125 377 662 1001 534 387 341 312 235 781 535 202 519 702 685 787 126 316 573 336 441 125 959 621 863 446 340 574 387 923 582 468
198 27 327 537 200 475 842 207 693 764 295 288 689 808 93 909 314 945 634 541 674 614 778 168 47 171 219 994 563 244 496 913 879 289 32 285 183 2 177 458 451 387 730 239 251 915 564 418 563 191 523 625 518 296 5 316 921 544 11 10 161 791 245 207 732 9 475 463 47 20 404 702 886 100 835 675 943 572 943 164 139 944 123 496 228 702 751 173 704 976 24 877 326 967 540 904 523 661 268 731 897 38 146 367 498 165 368 175 686 953 56 514 177 784 353 925 967 519 455 124 526 264 264 688 974 600 622 375 635 110 139 52 332 760 113 180 853 786 822 138 28 830 634 798 578 913 330 665 607 24 648 592 241 717 953 652 448 616 437 326 250 892 90 692 318 839 174 530 575 757 991 382 832 652 512 755 513 143 133 835 170 404 826 841 89 42 360 497 968 788 891 714 298 910 39 414 670 660 299
83 469 388 308 1 535 854 26 942 953 65 970 586 226 503 427 106 362 929 476 42 94 12 647 130 415 724 481 1000 83 263 560 411 786 951 889 129 991 77 936 476 829 620 592 641 872 709 95 371 567 858 977 612 314 385 456 549 25 54 826 375 334 518 448 1 757 2 671 561 207 638 648 743 48 811 934 810 36 642 464 152 466 744 653
93 437 826 823 978 407 461 851 330 591 937 191 354 145 882 179 635 617 350 92 750 20 807 623 89 665 985 340 11 445 844 482 69 653 768 858 930 679 628 544 697 854 271 868 632 206 658 252 198 455 356 55 86 913 23 846 126 969 833 588 240 564 506 420 933 112 56 570 399 688 851 486 857 625 529 440 762 177 124 62 118 704 277 354 657 447 415 506 274 402 772 908 151 907
65 13 922 291 814 701 41 407 16 568 688 255 668 917 205 152 394 285 430 992 871 215 158 747 118 170 300 411 804 831 214 239 66 746 884 112 104 58 29 75 863 700 631 191 797 759 549 778 654 270 119 745 903 406 951 36 140 821 781 893 571 383 707 846 97 900
18 170 456 34 22 24 634 615 506 107 588 774 194 573 350 445 692 440 201
150 412 131 451 209 604 289 714 123 243 381 872 926 98 614 91 408 537 610 819 95 171 845 571 450 176 189 243 818 319 652 578 572 175 766 434 580 635 238 843 871 10 859 809 102 766 493 863 830 745 476 857 891 192 695 740 898 163 731 644 119 447 66 973 127 611 823 580 407 261 818 940 591 289 32 945 935 39 924 801 344 762 872 979 841 797 870 365 901 564 958 588 951 829 208 639 843 760 413 9 6 732 369 663 330 358 539 784 817 822 832 715 407 650 195 976 247 909 397 203 991 398 708 338 434 795 901 340 966 635 457 693 230 960 109 310 226 262 345 817 121 890 989 899 424 493 927 875 559 658 964
17 760 267 661 694 943 667 182 261 341 960 426 516 223 899 882 869 81
27 413 333 480 337 220 12 634 145 764 82 884 115 762 733 511 295 14 691 246 360 648 647 448 305 956 661 7
31 637 381 405 983 386 643 247 211 332 200 26 996 406 859 536 389 868 719 79 814 864 682 950 408 214 615 533 849 188 413 59
34 828 397 437 14 741 631 936 405 189 356 867 221 774 148 423 1 839 914 471 972 815 82 211 482 693 625 735 471 802 659 527 274 823 838
65 530 875 696 587 727 524 401 929 133 730 271 977 335 608 107 646 494 989 513 698 173 159 410 893 447 17 22 204 539 737 557 956 472 170 435 553 706 155 426 831 566 312 181 516 255 498 387 425 817 940 592 620 687 188 149 785 7 500 341 742 256 255 936 129 806
95 362 910 685 107 477 813 721 635 17 440 249 679 947 183 86 958 37 307 322 348 747 209 352 98 629 362 631 626 731 183 953 358 180 644 504 220 652 461 92 950 760 147 274 177 472 204 380 571 703 842 746 270 321 882 638 315 691 445 462 991 773 332 738 239 353 265 292 605 118 901 648 80 876 313 875 506 1 672 37 823 794 68 73 479 358 556 611 752 709 115 177 42 31 297 625
191 18 463 152 140 355 463 320 839 462 844 673 993 176 35 115 742 814 241 477 483 288 925 306 162 584 126 973 20 571 515 44 662 358 30 793 380 443 141 902 59 288 982 856 133 895 877 576 495 290 402 170 730 334 145 902 494 395 563 575 947 133 324 976 172 193 591 826 800 275 213 618 178 421 834 219 858 631 935 718 122 356 190 794 43 439 299 736 559 415 714 152 930 462 701 777 229 983 822 105 972 637 430 462 683 844 56 220 847 967 481 155 540 290 261 827 511 793 58 168 59 828 318 891 189 61 932 894 50 654 630 464 651 338 37 218 605 425 129 950 816 347 22 766 526 264 732 36 757 143 478 165 310 441 436 158 121 633 1001 229 708 22 857 943 49 262 298 893 830 55 430 590 364 256 625 976 118 71 212 282 43 324 448 201 529 268 845 145 448 470 531 800
158 178 610 486 787 416 697 253 311 581 314 652 322 446 926 251 695 106 961 601 115 595 965 377 320 219 704 828 410 973 44 718 504 211 841 214 866 115 467 318 757 835 362 518 456 609 773 844 599 648 66 520 65 360 67 432 810 889 652 509 390 921 618 445 413 834 668 926 802 46 97 978 855 30 471 400 708 865 915 501 629 392 730 673 473 310 806 992 352 392 135 402 143 796 375 110 6 681 75 141 50 616 466 356 797 143 510 971 640 850 998 8 837 304 944 806 273 235 485 238 696 127 98 40 737 124 35 850 670 414 764 306 410 72 467 660 758 658 361 692 962 818 547 664 92 452 666 462 669 430 380 663 457 712 202 485 475 848 459
173 885 644 468 863 552 974 203 821 464 435 27 664 98 869 344 995 343 22 126 214 287 979 318 187 365 474 814 202 50 961 364 964 167 659 768 906 172 84 275 342 439 781 779 606 144 629 973 204 657 541 948 651 346 63 785 841 678 182 985 56 615 259 78 13 243 537 480 703 558 57 519 396 932 93 337 236 683 947 740 710 666 230 577 946 234 600 590 287 817 593 506 912 649 691 948 920 716 561 906 220 626 561 447 105 741 603 538 15 767 929 235 314 653 354 275 485 87 133 577 1001 718 922 710 786 20 30 400 407 80 451 648 203 608 670 623 258 450 378 418 398 352 955 607 672 908 518 260 147 87 506 129 157 309 994 609 102 758 228 241 633 260 676 1 442 997 849 461 498 157 702 432 446 958
140 520 447 901 256 263 701 166 146 705 759 185 48 858 147 904 59 525 838 782 772 579 520 447 927 866 3 754 965 422 257 238 723 225 531 935 309 721 738 905 606 8 265 77 35 258 523 567 94 195 59 391 667 192 134 216 591 783 535 769 877 213 791 244 416 286 751 640 738 326 583 665 298 966 140 156 458 440 351 392 459 899 794 593 773 137 43 221 562 373 327 753 993 347 544 281 278 840 458 489 749 735 543 420 71 742 346 156 550 792 490 729 804 517 155 440 287 279 133 622 639 917 59 257 326 837 228 329 80 590 257 252 188 967 697 40 607 593 885 950 513
119 4 905 132 607 237 248 908 147 104 912 348 289 381 882 144 22 172 89 769 653 183 222 193 208 279 489 19 76 802 487 660 400 292 677 276 295 138 461 381 673 288 613 25 218 262 104 625 807 494 614 140 475 54 103 593 672 159 728 222 242 385 673 824 473 173 606 417 239 166 92 594 305 763 30 439 672 658 956 967 174 492 48 618 78 713 509 280 469 687 720 280 554 378 535 220 183 566 264 869 117 13 509 42 396 278 349 993 376 118 900 758 285 257 530 733 741 244 324 933
44 386 228 957 863 67 341 916 243 172 113 178 129 543 200 490 413 787 599 117 560 912 638 295 911 374 763 657 683 709 779 748 106 168 600 439 640 658 226 494 566 134 79 593 900
78 472 317 52 103 41 447 584 248 81 231 652 594 317 514 616 235 507 764 821 218 557 875 729 307 121 571 707 606 690 516 26 609 625 51 222 808 690 668 400 833 119 600 922 208 67 86 812 555 466 279 880 961 496 604 886 262 281 186 741 798 119 522 996 801 559 341 816 157 3 375 433 69 794 190 3 697 925 253
200 665 208 359 580 928 456 73 84 407 67 728 708 466 411 138 415 184 752 545 737 566 247 598 353 819 123 432 903 429 610 462 71 166 219 56 520 825 133 749 480 849 389 476 237 313 957 240 686 503 7 928 846 144 629 741 940 302 936 409 66 894 934 410 49 644 832 876 26 955 430 56 712 571 199 371 830 791 589 339 558 268 832 940 509 432 182 442 808 965 981 577 94 971 70 309 447 87 826 529 857 676 769 399 927 629 964 138 334 765 815 765 753 409 793 447 667 337 901 509 805 607 173 534 696 72 528 791 187 790 595 572 32 951 712 832 122 139 835 344 536 11 606 16 605 185 212 67 937 497 432 658 329 4 734 398 271 853 171 766 909 930 976 445 411 188 998 54 334 909 925 34 25 983 750 157 215 568 186 875 591 359 341 25 558 696 502 825 55 649 308 556 629 575 789 705 706 470 382 283 537
177 609 373 422 671 676 720 553 567 365 941 671 981 432 559 456 394 498 93 637 312 661 70 169 782 96 391 675 773 335 572 859 30 648 700 42 446 75 889 476 30 988 506 46 107 192 335 105 169 815 395 314 475 395 473 26 984 302 744 156 121 303 393 334 82 515 645 659 659 455 399 223 317 747 686 587 91 684 409 139 116 749 497 585 379 137 770 384 736 692 166 766 797 993 88 150 16 665 186 249 798 731 617 35 3 497 287 678 37 12 339 674 946 243 692 286 812 200 712 76 39 610 830 872 745 884 612 316 637 65 506 762 572 458 878 694 19 152 406 182 69 646 287 702 573 985 575 315 635 135 479 466 891 851 244 186 600 664 500 600 77 580 570 910 160 287 377 96 347 813 265 975 456 8 693 38 452 769
168 539 371 263 654 956 945 521 898 878 618 154 280 618 4 564 274 563 622 513 181 498 38 175 3 276 767 426 919 389 198 496 155 490 64 546 346 265 541 935 418 169 385 942 225 88 47 949 85 45 282 974 121 256 47 337 203 57 593 150 819 500 151 717 405 315 516 219 617 931 758 316 766 422 412 356 920 170 563 113 8 289 988 274 181 951 781 451 886 193 373 857 12 656 704 305 814 79 956 131 219 768 707 821 446 441 464 747 986 319 159 292 920 7 566 634 53 253 453 649 357 867 811 271 957 325 40 947 205 853 307 1001 463 445 596 61 806 263 484 851 579 528 597 108 980 494 774 813 112 528 437 229 435 306 611 119 101 497 71 277 129 990 987 492 79 648 709 507 37
165 265 646 78 270 549 501 34 728 105 981 719 599 658 79 739 228 765 603 697 947 688 365 640 885 821 377 296 108 665 983 299 158 260 538 735 189 439 554 455 399 852 279 995 527 656 112 274 643 133 594 703 209 253 128 293 680 902 769 538 23 628 441 944 700 579 910 399 60 1 39 233 826 286 354 968 833 48 686 797 633 942 253 171 683 536 828 438 634 480 967 679 481 201 900 190 729 354 457 937 275 106 955 375 976 349 150 654 735 961 773 191 201 654 458 187 159 200 303 683 738 556 966 767 182 945 640 762 761 337 462 291 538 675 996 560 99 831 460 792 269 940 527 455 1001 245 613 209 30 9 394 148 815 32 955 164 638 714 106 986 106 908 670 874 118 280
73 43 513 975 866 446 786 384 741 248 188 336 528 469 952 959 719 245 897 828 341 668 202 882 487 263 92 608 856 838 932 937 571 240 628 264 707 341 711 67 362 4 40 823 511 778 500 410 867 434 579 852 855 120 133 917 881 776 787 515 908 900 707 235 760 761 649 621 21 735 593 766 410 464
137 707 895 531 429 880 559 30 600 207 893 101 221 990 445 378 92 151 618 133 306 463 868 323 803 824 99 198 770 463 746 165 398 158 643 425 534 296 824 340 295 475 72 480 268 131 944 849 463 885 313 957 876 506 949 694 661 241 137 414 785 920 324 256 454 719 599 670 842 654 730 646 990 196 407 342 744 975 770 452 456 240 121 199 446 896 576 856 182 117 651 369 649 252 460 8 771 110 803 911 698 727 684 388 472 467 582 857 259 901 973 177 492 817 144 832 615 968 237 389 106 621 491 154 561 499 782 431 6 299 699 665 838 416 427 999 786 245
194 322 498 705 157 360 966 23 26 947 685 217 754 795 642 333 133 83 723 642 658 510 806 979 942 752 674 26 477 930 296 369 264 304 857 558 493 347 428 896 139 933 729 895 407 563 861 933 62 609 160 119 595 571 345 867 47 750 274 611 657 633 929 882 39 552 682 979 882 581 119 974 442 739 657 392 348 624 969 347 417 351 754 992 466 915 644 843 868 229 149 839 562 704 399 733 20 887 371 955 407 456 418 791 548 102 759 488 414 389 427 575 707 86 28 946 968 640 773 824 167 750 748 810 238 169 989 903 394 513 834 568 713 736 176 897 475 181 138 988 994 810 23 79 116 905 216 647 37 65 58 52 419 576 860 640 29 400 166 119 942 827 66 912 846 284 775 151 335 171 986 376 197 371 688 529 654 858 488 133 552 630 346 893 891 830 951 807 459 328 852 680 494 886 202
144 956 717 635 166 604 432 774 792 742 186 377 576 673 997 432 130 716 621 193 723 98 928 430 577 860 654 780 532 251 829 701 837 519 159 736 109 563 359 160 938 911 682 856 306 584 322 547 473 565 586 560 985 415 38 308 843 780 214 963 75 525 870 567 976 306 951 550 948 709 937 539 940 548 309 564 335 502 353 911 618 470 330 429 855 46 626 57 929 113 468 996 341 979 693 406 686 31 379 38 181 409 843 979 480 46 184 779 215 483 900 390 721 949 64 238 596 629 446 608 40 870 59 934 787 519 317 116 237 220 642 568 688 583 552 672 125 877 455 537 789 269 585 80 763
41 557 821 779 60 142 917 140 122 331 196 819 531 91 783 977 273 997 741 696 622 259 197 824 796 442 26 173 779 291 969 847 768 533 391 727 455 533 436 564 997 642
88 200 56 186 24 892 491 910 556 427 554 150 993 831 80 68 554 269 964 473 392 371 373 751 588 60 754 496 694 290 213 532 593 375 166 56 983 677 843 114 808 311 299 162 337 66 453 28 927 602 913 661 731 686 812 170 991 865 75 443 89 521 706 975 341 33 558 77 329 168 250 999 720 188 221 29 663 614 585 314 534 179 961 886 76 731 142 524 852
99 415 720 191 245 730 447 444 25 971 64 130 777 12 324 956 875 204 401 543 677 169 369 761 696 720 240 668 285 556 332 620 768 195 837 206 118 153 718 57 94 808 629 385 296 788 886 693 237 415 352 832 811 795 485 230 913 315 50 606 785 80 610 10 254 342 523 532 208 339 629 117 497 239 140 437 872 930 942 88 997 110 248 660 639 403 193 654 398 517 248 787 65 448 473 409 309 671 64 172
98 435 817 65 506 95 533 82 300 163 740 445 495 830 287 63 690 726 49 275 206 927 111 150 374 285 829 725 88 37 329 709 854 483 629 453 366 724 458 461 218 182 900 458 234 212 28 30 569 661 488 500 65 783 77 668 412 365 225 79 174 648 921 928 838 78 630 140 508 641 406 791 315 756 195 512 674 303 1001 757 262 294 149 738 324 425 268 638 616 306 367 647 105 678 562 766 921 670 834
150 388 537 977 346 314 739 321 105 568 450 465 453 608 662 969 539 697 539 667 622 536 664 65 800 73 420 825 7 354 225 848 932 119 717 666 282 28 234 160 109 635 104 166 216 42 559 38 717 20 297 973 980 425 185 705 956 105 83 805 58 444 53 501 711 499 188 24 211 143 961 852 971 49 100 399 71 157 422 995 403 340 449 860 20 826 268 303 827 379 277 927 639 222 618 845 350 255 34 917 546 686 254 184 413 372 422 589 375 121 351 109 564 96 53 807 835 898 31 108 385 75 882 41 182 375 863 93 201 995 353 180 244 839 248 647 385 534 196 202 446 387 318 773 702 926 39 241 146 868 935
137 107 635 388 382 525 849 319 186 304 850 503 910 738 366 108 375 165 43 240 783 238 639 195 990 24 46 736 198 104 139 55 544 348 365 856 297 576 506 45 754 929 582 907 367 741 497 383 177 345 974 97 760 413 952 88 889 628 127 596 325 357 293 25 10 815 333 459 512 212 519 372 850 686 47 230 328 227 225 821 616 249 462 145 600 811 896 41 639 402 538 268 313 317 484 535 630 224 342 98 278 215 75 765 512 167 636 557 828 847 585 152 143 738 543 472 644 672 397 246 478 640 937 95 700 218 672 173 493 316 493 582 528 650 534 373 508 286
93 279 336 917 532 491 779 467 873 358 279 272 429 990 214 275 737 78 275 443 213 170 878 279 906 641 345 247 83 706 298 41 78 92 428 371 475 339 226 568 233 389 66 819 242 897 729 553 969 216 80 549 356 296 944 624 325 869 493 480 615 49 18 345 931 873 337 143 834 400 70 300 941 846 147 895 709 767 892 336 293 470 145 152 280 425 756 613 901 967 537 410 427 860
74 886 592 943 347 213 908 436 784 864 306 763 765 31 207 666 585 654 502 829 620 775 494 537 854 396 861 195 771 434 694 710 573 518 455 994 141 240 850 281 82 320 597 698 769 810 806 77 464 784 138 188 832 597 509 785 714 537 391 46 687 990 129 998 405 765 908 79 94 681 222 136 64 283 128
117 803 59 57 984 298 82 711 317 924 615 233 225 214 702 225 664 658 27 503 537 672 930 40 542 552 641 790 790 437 35 258 488 752 8 610 833 982 364 228 165 865 778 696 754 423 485 604 611 902 393 329 992 220 768 664 981 305 888 372 584 539 510 998 711 589 814 295 926 775 197 383 651 790 312 153 832 920 977 360 886 811 877 184 628 601 844 631 861 647 665 451 191 935 823 708 376 496 9 590 996 981 632 914 244 323 960 251 219 692 246 503 77 256 713 998 776 362
104 338 876 474 334 723 276 227 12 756 107 852 283 20 657 478 256 560 491 896 357 719 657 702 19 803 656 252 978 759 883 691 861 274 669 181 623 699 70 525 35 139 175 396 154 595 358 111 626 414 661 901 320 931 802 685 498 783 738 515 241 265 755 95 590 647 147 219 307 51 477 532 325 639 373 336 740 831 814 651 504 250 218 174 169 319 924 68 452 444 148 850 576 422 206 782 833 499 486 253 106 453 384 121 327
106 664 904 302 627 56 567 201 108 32 336 41 339 503 325 485 79 717 186 279 99 271 50 281 293 816 631 39 9 673 797 594 208 808 466 113 742 147 730 983 304 117 63 25 608 325 725 989 938 854 7 85 409 674 602 179 713 568 688 473 273 401 43 741 118 865 697 50 139 612 55 823 20 680 802 677 274 491 347 130 417 761 802 473 753 186 425 860 484 838 250 775 484 906 736 682 778 219 480 395 166 51 497 377 83 755 36
119 656 66 371 390 65 506 40 616 654 661 48 813 588 177 697 773 385 293 806 634 413 989 107 861 924 340 463 632 703 12 772 495 422 250 339 981 126 624 785 730 196 244 882 982 909 85 874 631 238 487 515 775 16 948 502 930 52 591 521 615 177 595 643 672 91 57 938 294 190 220 423 644 371 811 634 46 745 547 151 552 523 922 440 56 479 611 504 556 83 963 430 347 723 445 787 502 932 837 608 794 676 591 505 998 87 102 890 541 79 86 285 926 161 910 995 715 108 330 175
140 952 879 971 406 793 263 544 202 740 738 707 557 975 538 487 655 451 246 514 601 606 553 121 228 651 515 144 554 727 137 174 524 388 448 881 581 209 926 514 696 5 4 547 413 961 450 56 678 529 192 261 992 386 366 382 343 187 443 30 275 520 909 754 962 470 807 5 427 974 286 947 516 206 78 567 890 729 186 662 850 276 443 239 938 848 967 350 225 916 529 402 299 123 882 475 93 294 445 92 321 496 288 435 85 834 859 753 116 671 229 287 290 382 346 552 468 44 872 817 627 536 782 155 940 896 147 873 502 12 674 667 447 488 718 817 241 457 869 843 422
155 435 298 557 380 142 602 157 158 810 24 68 49 948 16 914 169 135 949 128 36 707 628 307 540 451 995 50 481 562 60 813 231 643 753 567 74 220 497 198 175 339 62 806 760 955 315 285 725 331 338 351 375 585 669 43 541 850 765 479 467 484 175 89 244 103 730 485 711 408 605 168 42 154 394 327 462 517 471 998 783 862 910 105 46 75 644 802 314 498 795 40 109 495 358 541 572 66 578 425 36 332 214 561 675 819 290 980 474 673 971 797 695 327 261 795 509 903 391 296 916 396 323 628 199 814 726 918 504 148 249 36 173 454 558 643 380 791 884 204 392 346 930 171 448 265 443 640 890 188 289 772 398 511 868 679
108 547 393 891 835 403 250 810 650 367 505 114 142 216 104 424 97 593 552 915 126 237 481 185 735 191 449 748 100 327 479 47 734 277 473 895 642 342 954 584 197 847 608 413 653 956 603 770 852 310 572 626 725 5 842 942 650 506 802 66 117 98 526 831 273 227 663 579 296 62 452 556 415 47 922 772 381 755 960 999 245 579 118 415 680 573 340 631 331 324 861 249 251 701 513 423 258 741 127 756 425 346 856 246 844 220 863 913 97
43 446 945 125 776 43 442 474 73 449 273 515 372 774 386 371 395 115 598 330 660 50 840 445 683 741 201 28 836 699 40 256 691 19 535 808 92 887 975 821 101 33 881 657
113 694 973 918 952 224 360 432 631 510 480 536 907 446 350 233 796 175 440 673 309 201 836 594 224 662 523 677 892 994 388 741 658 368 145 787 805 840 48 646 355 969 456 122 668 818 224 410 832 118 466 614 927 406 674 457 273 990 788 431 553 774 623 934 896 130 949 764 1001 612 439 606 573 351 437 891 24 733 298 296 402 694 191 726 238 100 614 320 9 603 346 508 992 820 786 251 396 815 499 11 869 43 6 705 277 342 365 95 262 621 760 195 83 816
58 115 848 385 811 249 209 435 30 964 494 82 434 729 650 897 989 616 332 450 781 965 595 554 224 899 444 777 290 85 850 401 86 118 455 272 976 112 124 571 306 815 735 317 443 934 619 872 728 895 828 685 499 944 626 554 914 950 501
180 906 557 644 511 567 328 631 841 664 740 993 785 708 179 314 822 70 384 458 503 735 600 342 22 811 739 150 656 707 225 749 956 250 128 518 69 316 169 805 974 226 16 415 610 683 192 973 933 486 680 475 431 385 636 892 827 427 502 373 830 963 570 351 687 562 962 358 497 357 716 568 220 537 893 15 537 498 685 271 987 829 584 623 468 965 404 823 356 677 382 867 529 217 323 327 907 413 247 599 889 744 283 139 316 448 786 419 927 179 806 491 47 886 238 688 469 833 193 792 88 552 739 382 535 735 898 513 308 211 829 452 140 537 552 189 20 730 539 434 679 750 694 580 567 165 956 806 963 426 810 813 957 808 762 342 962 319 973 305 151 219 877 712 652 134 443 723 238 707 476 442 613 11 293 840 214 587 285 374 476
20 463 625 391 260 576 319 719 685 389 901 827 783 819 527 972 155 555 580 526 98
129 165 72 220 311 786 175 438 370 799 756 298 697 593 8 115 652 843 297 991 952 728 477 68 457 678 458 796 547 550 799 170 321 691 638 259 906 777 926 816 245 51 521 201 438 106 952 710 472 697 199 119 370 785 667 184 441 857 211 710 702 283 682 336 552 783 734 417 33 443 572 457 852 253 742 106 348 743 464 342 257 737 138 634 650 525 696 584 809 593 577 725 443 279 275 574 856 214 238 893 750 578 222 26 581 295 241 995 633 883 420 371 940 40 484 128 319 304 194 372 753 566 680 785 916 823 737 443 923 920
88 959 904 996 688 364 320 965 674 866 491 114 613 574 211 950 131 766 950 299 414 600 201 893 751 222 283 218 997 898 385 109 264 946 923 62 873 797 621 389 121 797 471 739 403 623 26 234 838 297 534 286 141 793 89 608 775 202 159 587 415 301 846 519 136 261 459 717 295 744 362 934 768 611 751 924 968 339 289 546 744 477 144 342 121 98 603 614 729
111 272 752 990 752 709 593 664 43 484 528 924 68 741 630 456 391 29 554 809 491 792 358 525 606 375 552 573 478 453 387 792 658 387 421 292 200 340 366 826 818 16 887 737 634 599 131 378 631 274 146 342 156 247 233 731 789 575 865 110 554 899 954 395 867 384 583 957 992 975 726 469 327 790 268 945 998 374 407 709 695 659 750 238 635 471 771 720 754 568 664 67 1 1000 773 369 812 633 873 25 899 713 655 849 89 860 94 440 848 420 327 41
104 471 642 294 129 357 825 306 263 490 993 865 708 576 158 828 93 635 34 769 560 818 723 145 425 153 106 874 854 414 830 863 30 683 190 894 446 921 179 161 543 354 67 825 631 883 121 985 969 453 595 747 115 954 346 676 533 879 59 272 389 985 440 98 604 108 327 186 285 957 871 151 805 824 650 278 850 288 916 436 444 414 3 138 466 775 394 165 500 836 561 984 653 668 112 250 355 988 701 675 352 821 590 59 648
183 90 768 207 33 884 402 512 255 747 510 425 36 294 916 852 335 322 452 634 489 116 725 154 359 917 612 496 228 363 212 237 322 985 699 860 151 568 558 342 873 322 53 707 814 883 514 766 578 945 319 236 718 4 687 85 259 824 667 581 311 361 367 388 287 962 913 817 156 55 798 654 888 839 872 922 885 774 285 802 380 686 366 564 631 381 996 320 891 985 975 690 616 840 668 321 412 367 185 665 35 293 508 277 644 101 926 532 1000 762 723 846 79 160 199 183 447 373 797 781 963 676 282 111 975 734 298 683 376 473 859 746 526 922 474 693 606 526 743 329 472 212 542 954 854 926 861 209 498 338 931 714 910 869 352 977 380 356 775 484 123 644 160 770 901 986 434 104 617 530 418 235 871 360 176 591 176 614 820 666 432 568 398 60
143 894 788 319 409 250 990 93 908 614 493 573 407 299 805 582 772 883 16 658 378 831 976 732 6 289 191 626 961 263 341 461 926 750 972 545 660 242 468 782 962 282 274 532 82 570 533 476 645 249 225 724 180 867 414 606 34 19 454 736 28 41 244 301 880 468 351 369 701 568 891 649 239 36 791 361 526 489 650 762 986 53 624 667 177 927 647 662 408 920 496 19 724 165 552 365 76 130 40 933 858 39 563 4 880 366 844 693 304 333 581 956 566 663 564 473 962 878 173 202 224 291 699 397 786 982 895 374 250 338 274 641 266 801 697 621 951 814 697 851 581 373 331 756
120 199 539 798 39 724 398 877 698 569 972 291 862 31 390 24 305 102 52 192 923 102 131 107 763 128 921 1 282 810 329 498 570 540 851 54 771 76 865 79 252 685 34 702 896 624 54 773 996 795 579 581 445 34 45 917 418 649 878 436 87 412 998 691 786 546 21 289 640 725 344 909 584 50 518 631 652 375 782 878 852 271 12 428 512 840 196 613 149 73 679 468 189 622 130 562 386 4 147 948 993 257 853 349 355 384 483 616 4 711 461 606 42 360 493 838 38 394 744 432 914
131 264 84 29 804 456 410 811 969 683 686 244 698 630 961 562 511 832 117 956 435 538 72 793 481 527 695 188 653 127 832 400 960 716 331 850 529 24 48 477 544 714 407 613 742 157 971 134 426 666 6 295 744 217 531 403 27 161 606 8 117 236 115 10 159 291 613 262 629 419 865 391 939 427 753 746 824 199 673 316 62 579 490 871 830 950 134 929 692 596 515 554 375 366 955 554 345 415 564 487 366 523 693 859 627 817 775 563 397 220 188 245 655 114 279 751 51 690 554 823 176 457 125 681 147 46 32 503 429 332 850 40
105 83 962 558 675 758 407 940 618 158 952 391 169 524 369 937 561 242 209 485 582 121 984 200 123 668 333 1001 536 367 635 515 938 539 446 49 815 450 788 802 970 810 501 822 828 726 833 514 284 999 917 113 888 317 920 531 151 470 198 57 681 694 883 951 259 500 250 472 888 403 734 550 348 479 760 392 859 848 879 850 515 655 173 40 804 596 987 708 769 425 113 2 469 51 191 419 831 942 705 336 307 109 195 416 301 290
182 142 741 988 603 86 842 310 262 11 998 608 726 987 293 162 110 597 672 204 335 991 69 749 335 970 764 739 607 850 833 988 265 748 978 786 636 13 58 883 658 557 432 565 115 913 758 148 622 717 993 278 319 12 27 679 17 521 785 64 559 637 523 759 67 236 834 371 496 295 118 211 875 417 938 438 868 114 701 880 260 802 721 932 491 288 823 428 489 923 112 612 355 546 471 460 172 901 766 129 263 119 753 30 493 192 363 762 487 446 200 917 606 118 809 233 942 726 560 557 420 792 566 767 601 354 586 471 246 284 197 665 600 992 249 367 927 667 855 496 944 922 4 836 809 462 233 653 383 360 517 579 458 937 224 671 29 534 885 621 45 32 702 476 372 819 48 579 605 37 430 452 470 679 778 485 104 662 848 388 278 912 447
82 825 3 155 98 821 130 342 705 618 718 118 289 190 359 670 4 141 999 501 909 426 918 350 897 440 6 592 43 192 982 904 565 938 691 216 42 252 350 688 655 171 22 34 770 56 838 233 575 528 840 76 178 820 57 684 978 188 268 712 320 52 55 25 673 398 168 400 311 365 592 78 851 723 979 943 755 588 652 302 409 893 507
144 723 635 266 823 183 709 801 748 855 901 20 813 557 861 511 897 964 728 427 805 198 674 792 4 629 578 207 250 224 641 552 184 241 338 87 964 904 243 68 203 283 925 975 783 146 245 48 589 160 88 278 194 777 719 988 344 578 16 761 293 371 939 190 32 288 527 382 70 335 824 459 436 155 475 626 116 113 729 111 770 226 157 540 480 635 720 411 765 65 844 270 531 505 494 684 402 13 311 762 798 728 98 920 891 970 864 266 51 115 246 21 633 807 640 99 522 778 968 229 23 686 3 700 500 59 528 541 394 873 376 961 994 29 917 408 55 325 698 635 590 205 12 61 81
26 467 515 901 550 561 362 933 175 881 757 145 660 588 590 582 599 575 896 522 538 818 840 120 964 495 473
160 776 491 806 461 945 559 774 129 687 899 277 320 460 136 486 487 470 150 101 981 853 159 649 182 133 396 631 46 61 570 940 231 239 912 254 751 802 393 514 855 85 614 80 541 65 66 308 94 845 873 555 602 573 668 992 46 226 121 112 38 732 740 682 766 589 399 472 566 418 461 104 551 470 622 478 615 783 162 742 503 125 867 220 529 65 146 369 289 262 292 74 892 6 26 123 324 421 451 822 233 302 321 760 531 5 353 216 613 856 26 672 538 472 162 475 983 101 86 97 426 301 480 755 945 303 944 427 368 194 610 615 43 428 826 750 591 196 133 623 868 822 745 591 256 996 399 783 994 297 688 612 876 472 356 381 351 551 33 397 207
86 364 668 27 428 157 28 980 390 842 112 627 983 868 50 999 506 95 56 151 549 264 589 383 452 545 683 797 460 358 189 183 749 556 852 597 868 889 626 195 737 79 471 376 181 999 808 637 251 32 216 908 377 553 703 327 52 872 344 945 185 971 894 482 377 30 481 769 316 301 174 947 394 498 25 991 893 318 822 73 285 56 31 181 668 101 860
52 68 709 564 926 859 257 750 942 754 982 382 946 744 409 602 159 890 920 124 911 824 1 436 228 593 692 551 778 153 239 649 485 950 489 372 844 333 808 803 733 784 352 664 358 432 972 617 968 532 651 290 112
188 754 136 191 459 935 367 35 942 44 560 477 62 873 723 407 334 912 900 662 661 759 623 389 155 894 455 226 371 536 137 395 118 840 793 285 319 916 77 885 390 341 928 307 130 370 19 558 951 51 158 66 189 984 870 166 174 606 350 122 903 611 81 283 14 481 783 573 611 474 255 811 752 32 815 301 153 253 275 655 896 639 120 883 564 902 621 746 245 751 92 384 616 643 658 177 545 20 271 802 139 610 647 930 384 319 809 977 326 1001 33 602 274 661 611 891 656 865 459 443 994 186 290 956 696 277 549 925 75 368 254 182 493 238 410 328 359 11 787 477 591 646 895 595 807 852 736 981 120 677 350 454 630 137 534 96 36 836 921 785 655 50 723 878 778 90 731 830 173 672 847 727 124 904 400 808 879 227 963 748 614 48 377 5 771 984 439 792 586
88 413 37 72 999 149 88 690 407 636 10 445 758 492 685 958 450 481 960 67 301 880 736 627 264 267 922 162 296 905 619 329 604 391 709 556 530 376 798 825 870 511 51 781 461 150 296 210 499 910 120 552 186 293 46 552 342 988 408 467 470 970 46 360 634 832 852 466 694 873 228 576 844 349 595 261 519 150 844 496 508 922 657 462 209 31 439 250 432
145 100 862 771 870 547 60 996 818 792 530 300 901 392 894 409 341 844 859 432 189 259 643 708 282 892 901 912 764 82 278 654 953 68 487 81 985 623 500 703 773 832 648 12 838 793 563 655 314 186 633 756 302 239 198 518 311 296 567 752 39 441 261 619 237 929 177 903 931 903 73 988 217 419 21 993 470 178 412 970 781 666 293 969 20 275 711 601 149 236 373 918 501 336 596 702 70 780 143 239 159 263 826 37 356 141 177 124 336 497 702 725 370 906 624 570 250 995 999 134 714 388 812 529 846 104 126 235 730 410 274 916 286 824 82 233 229 138 364 856 152 536 462 618 950 201
67 564 274 968 646 515 952 98 142 320 908 70 935 816 667 579 654 20 2 458 792 353 36 77 853 473 421 624 487 370 170 296 127 597 558 126 766 260 31 348 910 912 520 3 976 120 816 600 162 21 101 479 228 975 233 172 412 372 362 545 488 361 413 367 87 949 872 405
121 982 432 323 361 526 323 120 889 117 228 176 247 886 203 148 789 814 413 828 158 325 829 25 953 229 407 448 311 473 151 625 397 676 492 979 468 902 829 365 254 63 702 316 969 591 651 312 288 280 525 966 247 267 981 36 232 542 675 784 788 948 841 875 365 904 863 218 817 749 76 812 258 769 509 595 129 585 479 214 969 434 707 973 239 17 800 257 710 568 366 171 202 912 204 814 886 231 427 697 139 549 393 115 708 2 617 369 67 96 400 654 383 229 68 44 286 83 97 843 476 209
79 116 737 293 377 270 738 159 949 330 525 112 713 986 768 960 311 598 498 35 487 243 873 266 65 755 70 651 587 815 463 180 751 998 910 534 336 41 822 299 958 973 653 630 245 78 693 32 451 931 43 642 190 450 103 569 981 538 397 4 893 98 11 139 523 124 887 253 351 725 575 331 275 938 561 864 934 747 452 17
114 378 384 927 890 462 526 355 143 735 666 649 809 833 317 653 590 169 268 810 575 430 911 202 52 276 509 113 822 95 278 780 328 497 635 600 973 679 300 500 756 988 650 643 958 360 212 367 671 775 111 209 487 96 992 195 529 465 681 502 910 677 805 777 954 408 570 158 970 163 46 178 490 951 238 634 471 600 84 424 158 859 287 943 163 562 637 224 111 266 238 796 455 285 457 222 150 16 446 449 402 87 275 124 377 608 644 206 777 227 153 298 186 152 737
63 41 986 424 845 914 46 495 811 330 975 344 490 818 947 827 934 895 814 810 413 586 555 482 729 250 829 972 250 736 930 614 891 369 357 958 199 946 271 379 401 488 329 15 613 817 43 680 200 141 30 358 611 184 843 671 932 761 799 270 246 115 95 233
186 605 125 605 571 461 469 87 344 486 625 791 459 106 451 297 461 120 33 901 522 401 266 1001 648 876 756 463 765 331 849 683 519 951 981 858 997 889 233 213 694 995 560 265 100 405 629 780 162 440 945 702 852 13 879 27 763 159 476 8 954 116 410 617 61 887 698 179 558 912 450 287 865 471 121 201 971 30 189 918 986 731 319 375 661 530 919 120 812 543 712 872 455 386 984 804 544 420 230 615 81 463 875 892 19 441 312 269 466 159 321 547 563 506 257 856 2 99 211 841 732 884 197 447 608 904 126 315 766 622 13 161 297 117 429 560 562 592 172 971 627 915 119 740 460 826 70 309 700 170 542 422 274 110 613 538 600 759 717 110 85 120 912 845 798 154 631 238 958 946 572 101 781 828 923 750 502 32 699 699 169 449 133 828 257 283 644
