0: 50 405
1: 38 194 407
2: 59 344 458 465
3: 112 170
4: 174 246
5: 34 77 157 179 329 346 488
6: 163 174 218 281 308 407
7: 130 253 452 471 417
8: 141 371
9: 162 474
10: 290
11: 112 224 110
12: 104 129 157 196 250 324 492
13: 33 366
14: 179 187
15: 9 61 162 271
16: 90 111 118 254 316 374 395 425
17: 183
18: 40 316 326 332
19: 218 343
20: 185 270 342
21: 161 238 278 282
22: 262 453 454
23: 96
24: 16 44 103 202 406
25: 2 30 174
26: 74 334 345 496
27: 254
28: 215 272 374 438 464
29: 168 202 224
30: 18 199 284
31: 17
32: 119
33: 19 45 316
34: 111
35: 231
36: 145 261 457
37: 226 319 397 442
38: 392
39: 100 472
40: 344
41: 266 276 318 447 299
42: 91 145
43: 343
44: 108 129 196 215
45: 107 246 363
46: 169 175 244
47: 27 77 90 199
48: 186 188 267 397
49: 184
50: 14 300 308 328 358 389
51: 85 107 280 285
52: 193 305 345 366 391
53: 41
54: 35 282
55: 285 496
56: 19 43
57: 41 65 272 430 237
58: 331
59: 111 174 181 203
60: 382
61: 402 424 477
62: 214 356
63: 74 105 336 109
64: 316 414 496
65: 261 271 313
66: 302
67: 363
68: 343 392 436 496
69: 122 437 449
70: 62 208 387
71: 22 137 351 398
72: 349
73: 188 229 425
74: 133 140 147 256
75: 107 238 355 454 225
76: 56
77: 169 222 404
78: 16 120 272 343
79: 59
80: 75 114 319
81: 147
82: 20 492
83: 184 260 333 414
84: 292 316 420
85: 87 303
86: 335 403
87: 132
88: 215 317 385 395
89: 493
90: 60 372
91: 240
92: 1 144 226
93: 0 259 442
94: 57 471
95: 368 431 455 457 459
96: 54
97: 90 258
98: 154 172 258
99: 73 289 330 474 79
100: 419 126
101: 406 418 494
102: 323 365
103: 66 140 195 288 400 367
104: 220 304
105: 69
106: 2 139
107: 199 294
108: 304 309 359
109: 134 153 308 393 474 476
110: 82
111: 101 340 429
112: 214
113: 245 497
114: 223 340
115: 249 347 398
116: 408 433 435
117: 159 233 411
118: 125 140 144 459
119: 1
120: 69 188 228 425
121: 397
122: 322
123: 41 65 308 427 498
124: 164 252
125: 413
126: 217 449
127: 305
128: 123
129: 11 358
130: 0 22 341
131: 251 491
132: 334
133: 37 379
134: 274 468 498
135: 71
136: 78
137: 102 273 476
138: 97
139: 294
140: 31 392
141: 61 354 473
142: 63 236 273 472
143: 380 452
144: 106 198 378
145: 125 202 262 339 403 429
146: 464 301
147: 290 391
148: 88 93 261 361 486
149: 212 257 376
150: 17 77
151: 270 303 463
152: 149 156 177
153: 368
154: 356 473
155: 25 35 170 310
156: 92 238 384
157: 188 246 98
158: 81 451
159: 180 273 381 399
160: 93 131 283 321 464 493
161: 235 422
162: 102
163: 426
164: 163 302 405 442
165: 292 304
166: 23 117 349
167: 197 406
168: 241 460
169: 40
170: 133
171: 396
172: 119 200
173: 437 444
174: 228 362 428
175: 231
176: 449 498
177: 211 258 464
178: 121 135 305
179: 95 154 163 143
180: 42 489
181: 67
182: 41 73 117 373 498
183: 255 296
184: 161
185: 85
186: 111 123 264
187: 42 54 102 228 253 274 334
188: 352 455
189: 246
190: 15
191: 89 327 354
192: 84 380
193: 328
194: 9 186
195: 73 169 211
196: 55 94 199 470
197: 267 276 403
198: 297 361
199: 55 413 430
200: 450
201: 495
202: 26 78 240
203: 174 205
204: 39
205: 430 456
206: 18 271 338 449
207: 123
208: 369 496
209: 69 111 280 344
210: 263 324
211: 124
212: 255 373
213: 311
214: 15 368 409
215: 133 295
216: 101 227 329 348
217: 179
218: 74
219: 13
220: 320
221: 93 176 400 337
222: 487
223: 59
224: 6 135 199 210 401 488
225: 90 251 462 480 485
226: 23 329 347
227: 34
228: 140 277 466
229: 117 174 392 412 467
230: 127
231: 45 168 183 248
232: 165 271 189
233: 138 153
234: 107 179 240
235: 10 330 439
236: 8 68 166 381
237: 270 277 363 374 388
238: 236 350
239: 191 282 442
240: 312 342
241: 137 351 380 478
242: 134 233 478 484
243: 236 250 423 432
244: 370
245: 369
246: 7 219 481
247: 13
248: 119 159 372
249: 221
250: 24 322 116 315
251: 157 176 459
252: 427
253: 59 204
254: 186 220 256
255: 267 376
256: 385 397 497
257: 45
258: 67 84 100 370
259: 2 90 276 449
260: 382 395
261: 72 325 469
262: 23 396 430
263: 472 477
264: 152
265: 54 73 160
266: 133 273 390
267: 25 87
268: 339 342 355 383
269: 319
270: 167 247
271: 314
272: 155
273: 41 150 306
274: 32 40 262 425
275: 288 418
276: 151 155 196 340
277: 6 10 44 55 226 231
278: 3 155 166 427 445
279: 277 406
280: 170
281: 401
282: 53 223
283: 21 60 115 298 459
284: 24 195 202 289 352 491
285: 38 119 356 414
286: 159
287: 127 132 221 279 331
288: 50 499
289: 11 49 164
290: 203 325
291: 127 192 472
292: 2 17 53 338 446
293: 44 50 178 383 482
294: 53
295: 103 163 170
296: 192 324
297: 483
298: 318 358 471 499
299: 328
300: 95 257 271 410
301: 1 164 266
302: 231 369 456
303: 49 121 262 360 234
304: 207 440
305: 27
306: 195 12
307: 145 403
308: 215 390
309: 392
310: 339 394
311: 74 97 150
312: 409
313: 394 482
314: 2 4 94 233 471
315: 172 201 239 316 377
316: 448
317: 455
318: 156 395 449
319: 23 151 195
320: 28 113 114 353 442
321: 157 361
322: 33
323: 28 160
324: 15
325: 114
326: 358 449
327: 74 168
328: 435 496
329: 228 366
330: 421
331: 279 407 422 432
332: 3 99 121
333: 83 334 378
334: 217 230 311
335: 52 497
336: 72 152
337: 65 114 412 475
338: 228 312
339: 86 220 408
340: 200
341: 18
342: 364 418
343: 213 228
344: 211 232 455
345: 496 209
346: 378 491
347: 278 392 412
348: 203
349: 23
350: 81 200
351: 54 75 133 394
352: 57 65 93
353: 379 460 479
354: 399 416 265
355: 401
356: 63 213 256
357: 405
358: 47
359: 365
360: 137 231
361: 93 150 196 239 371
362: 2 275
363: 176
364: 128 161 478
365: 230 326 341 392
366: 28 46 111 339 346
367: 6 63
368: 156 350
369: 469
370: 13 54 57 182 279 329
371: 23 57 193 329 388
372: 197 440
373: 294 190
374: 379 428 477
375: 90 165 333
376: 50 449
377: 48 323 461 51
378: 259
379: 429
380: 439
381: 282
382: 45
383: 266 312
384: 304 366
385: 215
386: 145 342
387: 200 220 291
388: 9
389: 270
390: 486
391: 186 280 307
392: 198 221 256 277 285
393: 136
394: 283
395: 200
396: 181 277
397: 58 197
398: 121 175 370 372 442
399: 82 243
400: 108 170 211 268 319 464
401: 389
402: 27
403: 205
404: 401
405: 44 111 460
406: 1
407: 244 284
408: 454
409: 316 492
410: 146 447
411: 445
412: 42 241 246 339
413: 145 150 362
414: 145 224 254 272 308 366
415: 242
416: 465
417: 340
418: 121 195
419: 5 193 328 412
420: 21
421: 155 350
422: 259 393
423: 64 193 281 336 357 450
424: 8 72
425: 33 167
426: 107 284
427: 281 401
428: 76 451 29
429: 38 419 441 454
430: 387 486
431: 14
432: 148 208 297 418
433: 40 130 231 275
434: 78 158
435: 61 171
436: 28 49 274
437: 393
438: 454 472
439: 229 434
440: 239 414 490
441: 33 61 112 130 350 403
442: 90 250
443: 472
444: 485
445: 76
446: 142 161
447: 19 133 233 347
448: 7 184 211 430
449: 191 375
450: 0
451: 293 415
452: 181 217 313
453: 81 252
454: 117
455: 18 229
456: 88 168 409 451 465
457: 30 37 291
458: 32 93 175 255 260 286
459: 70
460: 178 226 358
461: 95
462: 40
463: 269
464: 24 289
465: 69 134 239 280
466: 115 123 124 164 197 409
467: 14 45 158 418
468: 228 362 36
469: 133 271 431
470: 287
471: 243
472: 188 341 389 391 418
473: 203 254
474: 369
475: 148 276 388 419
476: 269
477: 91
478: 246 386 80
479: 354 412 420 464
480: 64
481: 58
482: 434
483: 427
484: 52 146 206
485: 58
486: 14 137 233 421
487: 426 443
488: 67 74 173
489: 439
490: 137 187 377
491: 19 58 134 136 379
492: 74 453
493: 78 95 223 289 472
494: 37 38 85 281
495: 372 466
496: 280 317
497: 155 341 365 393
498: 228
499: 216
